Path
  - source node: 1
  - destination node: 10000
  - path: [1, 101, 102, 202, 302, 303, 304, 305, 306, 406, 407, 507, 508, 509, 609, 610, 611, 612, 613, 614, 615, 616, 617, 618, 619, 620, 621, 622, 623, 723, 724, 725, 726, 727, 728, 828, 928, 1028, 1128, 1228, 1229, 1329, 1429, 1529, 1530, 1531, 1631, 1632, 1633, 1733, 1732, 1832, 1833, 1834, 1934, 2034, 2035, 2036, 2136, 2236, 2237, 2238, 2338, 2339, 2439, 2440, 2441, 2541, 2542, 2642, 2742, 2743, 2843, 2844, 2944, 3044, 3045, 3046, 3146, 3246, 3346, 3446, 3447, 3547, 3548, 3549, 3550, 3551, 3651, 3652, 3752, 3753, 3754, 3755, 3756, 3757, 3758, 3759, 3859, 3860, 3960, 4060, 4061, 4161, 4162, 4163, 4164, 4165, 4265, 4365, 4465, 4466, 4467, 4468, 4469, 4569, 4570, 4670, 4770, 4870, 4970, 4971, 5071, 5171, 5271, 5272, 5372, 5472, 5473, 5573, 5673, 5773, 5873, 5874, 5974, 5975, 5976, 5977, 6077, 6078, 6178, 6179, 6180, 6181, 6281, 6381, 6382, 6482, 6582, 6583, 6584, 6585, 6685, 6686, 6786, 6886, 6986, 7086, 7186, 7187, 7287, 7387, 7487, 7587, 7588, 7688, 7689, 7789, 7889, 7989, 8089, 8189, 8289, 8290, 8390, 8490, 8590, 8690, 8691, 8692, 8693, 8694, 8695, 8795, 8895, 8896, 8996, 8997, 8998, 9098, 9198, 9298, 9398, 9498, 9598, 9599, 9699, 9700, 9800, 9900, 10000]
  - number of used nodes: 201
  - cost: 6193
Colours
  - colours: {0, 514, 517, 518, 521, 9, 528, 18, 19, 23, 536, 25, 28, 30, 31, 32, 552, 553, 554, 559, 561, 53, 566, 567, 54, 58, 574, 64, 67, 584, 79, 592, 591, 80, 593, 86, 88, 609, 100, 104, 619, 107, 112, 627, 629, 118, 122, 634, 639, 640, 641, 130, 128, 131, 647, 141, 653, 658, 659, 661, 662, 665, 156, 158, 671, 670, 686, 175, 176, 689, 177, 179, 692, 693, 694, 183, 700, 191, 192, 705, 195, 197, 709, 201, 202, 713, 206, 720, 721, 209, 723, 210, 215, 728, 218, 219, 220, 732, 221, 223, 735, 738, 739, 740, 228, 743, 744, 235, 237, 239, 753, 242, 241, 244, 757, 759, 249, 762, 251, 763, 254, 255, 773, 262, 263, 266, 780, 271, 784, 273, 788, 791, 280, 285, 286, 288, 289, 292, 295, 304, 313, 316, 325, 328, 331, 337, 341, 342, 347, 352, 355, 358, 363, 374, 375, 376, 379, 382, 384, 387, 392, 400, 401, 406, 418, 421, 423, 425, 429, 460, 467, 473, 478, 483, 485, 486, 488, 489, 491, 492}
  - number of used colours: 180
Time Colour Constrained Dijkstra Algorithm: 0.11
Formulation time (on reduced graph): 0.0
Total time: 0.11
Gap: 0
Removed nodes percentage: -1
Removed arcs percentage: -1