Path
  - source node: 1
  - destination node: 10000
  - path: [1, 2, 102, 103, 203, 303, 403, 503, 603, 604, 704, 705, 805, 806, 807, 907, 1007, 1008, 1108, 1109, 1110, 1111, 1112, 1212, 1312, 1313, 1314, 1315, 1415, 1515, 1516, 1517, 1518, 1418, 1419, 1420, 1421, 1422, 1423, 1424, 1425, 1426, 1526, 1626, 1726, 1826, 1827, 1927, 2027, 2127, 2227, 2327, 2427, 2428, 2528, 2628, 2728, 2729, 2829, 2830, 2930, 3030, 3031, 3032, 3033, 3034, 3035, 3036, 3037, 3137, 3237, 3337, 3437, 3537, 3538, 3638, 3637, 3737, 3738, 3838, 3938, 4038, 4138, 4238, 4239, 4339, 4439, 4539, 4540, 4640, 4641, 4741, 4841, 4842, 4843, 4943, 5043, 5143, 5243, 5244, 5245, 5345, 5445, 5446, 5546, 5646, 5647, 5747, 5748, 5848, 5948, 5949, 6049, 6149, 6150, 6151, 6152, 6252, 6352, 6353, 6453, 6454, 6554, 6555, 6556, 6557, 6558, 6658, 6758, 6759, 6859, 6860, 6861, 6862, 6962, 6963, 6964, 7064, 7164, 7264, 7364, 7365, 7366, 7367, 7467, 7567, 7568, 7668, 7768, 7769, 7669, 7670, 7770, 7771, 7871, 7971, 8071, 8072, 8172, 8173, 8273, 8274, 8275, 8276, 8277, 8377, 8378, 8478, 8578, 8579, 8679, 8779, 8879, 8880, 8881, 8882, 8883, 8983, 8984, 8985, 8986, 9086, 9087, 9088, 9089, 9090, 9091, 9191, 9291, 9391, 9491, 9492, 9493, 9593, 9594, 9694, 9794, 9795, 9796, 9797, 9798, 9799, 9800, 9900, 10000]
  - number of used nodes: 205
  - cost: 5990
Colours
  - colours: [0, 1, 11, 14, 15, 16, 17, 19, 23, 33, 37, 42, 49, 55, 61, 62, 67, 71, 73, 82, 86, 89, 92, 98, 105, 106, 108, 112, 113, 121, 125, 132, 143, 148, 157, 161, 162, 164, 168, 188, 189, 190, 192, 195, 201, 202, 220, 224, 230, 236, 237, 240, 241, 242, 249, 260, 263, 264, 265, 270, 271, 278, 285, 286, 298, 299, 308, 309, 311, 313, 316, 323, 331, 333, 334, 338, 343, 344, 351, 353, 357, 358, 361, 363, 365, 372, 374, 377, 383, 387, 401, 405, 409, 416, 419, 426, 430, 432, 438, 439, 442, 452, 454, 456, 460, 464, 474, 481, 483, 500, 501, 508, 514, 518, 525, 527, 529, 533, 535, 539, 541, 542, 546, 553, 557, 559, 561, 571, 593, 596, 606, 607, 610, 612, 613, 615, 630, 640, 646, 647, 648, 649, 654, 659, 664, 666, 668, 675, 679, 680, 687, 688, 689, 692, 696, 701, 702, 713, 727, 728, 738, 743, 747, 749, 752, 754, 757, 766, 767, 769, 776, 777, 778, 780, 782, 784, 785]
  - number of used colours: 177
Time Colour Constrained Dijkstra Algorithm: 0.1
Time Reduction Algorithm: 0.07
Time Formulation: 0.1
Total time: 0.27
Gap: 0.4674457429048414
Removed nodes percentage: 94.63000000000001
Removed arcs percentage: 96.3030303030303
More Removed arcs percentage: 9.153005464480879

=================================================================================
Time complete formulation: 18.43
Path
  - source node: 1
  - destination node: 10000
  - path: [1, 2, 102, 103, 203, 303, 403, 503, 603, 604, 704, 705, 805, 806, 807, 907, 1007, 1008, 1108, 1109, 1110, 1111, 1112, 1212, 1312, 1313, 1314, 1315, 1415, 1515, 1516, 1517, 1518, 1418, 1419, 1420, 1421, 1422, 1423, 1424, 1425, 1426, 1526, 1626, 1726, 1826, 1827, 1927, 2027, 2127, 2227, 2327, 2427, 2428, 2528, 2628, 2728, 2729, 2829, 2830, 2930, 3030, 3031, 3032, 3033, 3034, 3035, 3036, 3037, 3137, 3237, 3337, 3437, 3537, 3538, 3638, 3637, 3737, 3738, 3838, 3938, 4038, 4138, 4238, 4239, 4339, 4439, 4539, 4540, 4640, 4641, 4741, 4841, 4842, 4843, 4943, 5043, 5143, 5243, 5244, 5245, 5345, 5445, 5446, 5546, 5646, 5647, 5747, 5748, 5848, 5948, 5949, 6049, 6149, 6150, 6151, 6152, 6252, 6352, 6353, 6453, 6454, 6554, 6555, 6556, 6557, 6558, 6658, 6758, 6759, 6859, 6860, 6861, 6862, 6962, 6963, 6964, 7064, 7164, 7264, 7364, 7365, 7366, 7367, 7467, 7567, 7568, 7668, 7768, 7769, 7669, 7670, 7770, 7771, 7871, 7971, 8071, 8072, 8172, 8173, 8273, 8274, 8275, 8276, 8277, 8377, 8378, 8478, 8578, 8579, 8679, 8779, 8879, 8880, 8881, 8882, 8883, 8983, 8984, 8985, 8986, 9086, 9087, 9088, 9089, 9090, 9091, 9191, 9291, 9391, 9491, 9492, 9493, 9593, 9594, 9694, 9794, 9795, 9796, 9797, 9798, 9799, 9800, 9900, 10000]
  - number of used nodes: 205
  - cost: 5990
Colours
  - colours: [0, 1, 11, 14, 15, 16, 17, 19, 23, 33, 37, 42, 49, 55, 61, 62, 67, 71, 73, 82, 86, 89, 92, 98, 105, 106, 108, 112, 113, 121, 125, 132, 143, 148, 157, 161, 162, 164, 168, 188, 189, 190, 192, 195, 201, 202, 220, 224, 230, 236, 237, 240, 241, 242, 249, 260, 263, 264, 265, 270, 271, 278, 285, 286, 298, 299, 308, 309, 311, 313, 316, 323, 331, 333, 334, 338, 343, 344, 351, 353, 357, 358, 361, 363, 365, 372, 374, 377, 383, 387, 401, 405, 409, 416, 419, 426, 430, 432, 438, 439, 442, 452, 454, 456, 460, 464, 474, 481, 483, 500, 501, 508, 514, 518, 525, 527, 529, 533, 535, 539, 541, 542, 546, 553, 557, 559, 561, 571, 593, 596, 606, 607, 610, 612, 613, 615, 630, 640, 646, 647, 648, 649, 654, 659, 664, 666, 668, 675, 679, 680, 687, 688, 689, 692, 696, 701, 702, 713, 727, 728, 738, 743, 747, 749, 752, 754, 757, 766, 767, 769, 776, 777, 778, 780, 782, 784, 785]
  - number of used colours: 177


RILP Time NO EXTRA REDUCTION: 0.27
