Path
  - source node: 1
  - destination node: 10000
  - path: [1, 101, 102, 103, 104, 105, 106, 107, 108, 109, 110, 111, 112, 212, 312, 313, 314, 414, 415, 515, 516, 517, 617, 618, 718, 719, 720, 620, 621, 622, 623, 624, 625, 525, 526, 527, 528, 628, 629, 729, 730, 830, 831, 931, 1031, 1131, 1231, 1331, 1431, 1432, 1433, 1533, 1633, 1634, 1734, 1834, 1835, 1836, 1837, 1838, 1839, 1840, 1841, 1842, 1942, 1943, 1944, 1945, 1946, 2046, 2047, 2048, 2148, 2248, 2348, 2349, 2350, 2351, 2352, 2353, 2453, 2553, 2653, 2654, 2754, 2854, 2954, 2955, 3055, 3155, 3156, 3256, 3257, 3258, 3358, 3359, 3459, 3559, 3659, 3660, 3760, 3860, 3861, 3961, 3962, 3963, 3964, 3965, 3966, 4066, 4166, 4266, 4265, 4365, 4366, 4466, 4566, 4567, 4568, 4668, 4768, 4868, 4968, 4969, 5069, 5070, 5170, 5270, 5370, 5470, 5471, 5571, 5671, 5771, 5871, 5971, 6071, 6171, 6271, 6272, 6372, 6373, 6374, 6375, 6475, 6476, 6576, 6577, 6677, 6777, 6877, 6878, 6879, 6979, 7079, 7080, 7180, 7181, 7281, 7381, 7382, 7482, 7483, 7583, 7683, 7783, 7784, 7785, 7786, 7886, 7986, 7987, 7988, 7989, 8089, 8090, 8190, 8191, 8291, 8391, 8392, 8393, 8493, 8593, 8594, 8694, 8794, 8795, 8796, 8896, 8897, 8997, 9097, 9098, 9198, 9199, 9299, 9399, 9499, 9599, 9699, 9700, 9800, 9900, 10000]
  - number of used nodes: 205
  - cost: 6372
Colours
  - colours: [1, 8, 17, 19, 20, 21, 26, 30, 31, 33, 35, 38, 42, 43, 45, 48, 52, 57, 58, 71, 74, 75, 80, 81, 82, 91, 97, 103, 110, 111, 115, 116, 119, 120, 124, 126, 128, 130, 146, 155, 166, 168, 170, 180, 184, 187, 193, 194, 200, 201, 203, 207, 211, 213, 218, 222, 229, 237, 242, 251, 255, 259, 266, 277, 284, 293, 308, 317, 318, 325, 340, 349, 355, 362, 366, 368, 369, 374, 377, 378, 388, 394, 395, 401, 403, 406, 409, 415, 416, 417, 419, 422, 427, 439, 440, 441, 446, 451, 462, 466, 469, 470, 483, 492, 495, 500, 503, 510, 511, 515, 521, 524, 529, 530, 536, 537, 541, 542, 552, 565, 570, 580, 584, 589, 590, 592, 595, 596, 599, 603, 607, 608, 609, 616, 621, 622, 624, 630, 634, 638, 645, 653, 660, 662, 665, 667, 668, 669, 672, 674, 678, 680, 686, 690, 697, 705, 707, 712, 719, 722, 723, 729, 731, 732, 740, 745, 746, 751, 757, 759, 769, 770, 778, 779, 786, 790, 791]
  - number of used colours: 177
Time Colour Constrained Dijkstra Algorithm: 0.39
Formulation time (on reduced graph): 0.8
Total time: 1.19
Gap: 0.34526051475204017
Removed nodes percentage: 91.61
Removed arcs percentage: 94.72727272727272