Path
  - source node: 1
  - destination node: 10000
  - path: [1, 101, 201, 301, 401, 501, 502, 602, 702, 703, 803, 804, 904, 1004, 1104, 1204, 1304, 1404, 1405, 1505, 1605, 1705, 1805, 1806, 1807, 1907, 2007, 2107, 2207, 2307, 2407, 2408, 2508, 2509, 2609, 2610, 2710, 2711, 2712, 2713, 2714, 2715, 2716, 2717, 2718, 2719, 2720, 2820, 2821, 2921, 3021, 3121, 3221, 3321, 3421, 3521, 3522, 3622, 3722, 3822, 3823, 3923, 4023, 4123, 4124, 4224, 4324, 4325, 4326, 4426, 4427, 4428, 4528, 4529, 4530, 4531, 4532, 4632, 4732, 4733, 4734, 4735, 4736, 4737, 4738, 4838, 4938, 4939, 4940, 4941, 5041, 5141, 5241, 5341, 5342, 5442, 5542, 5642, 5643, 5743, 5843, 5844, 5944, 5945, 5946, 6046, 6047, 6147, 6247, 6347, 6447, 6547, 6548, 6549, 6649, 6650, 6750, 6850, 6950, 7050, 7150, 7151, 7152, 7153, 7154, 7155, 7156, 7157, 7257, 7258, 7259, 7359, 7360, 7460, 7461, 7462, 7562, 7563, 7564, 7565, 7665, 7666, 7667, 7668, 7669, 7769, 7869, 7870, 7970, 7971, 7972, 7973, 8073, 8173, 8273, 8274, 8374, 8375, 8475, 8575, 8576, 8676, 8776, 8876, 8976, 9076, 9077, 9078, 9079, 9080, 9081, 9181, 9182, 9183, 9184, 9185, 9186, 9187, 9188, 9189, 9190, 9191, 9192, 9193, 9293, 9393, 9493, 9593, 9594, 9595, 9596, 9696, 9697, 9698, 9798, 9799, 9899, 9900, 10000]
  - number of used nodes: 199
  - cost: 6289
Colours
  - colours: [3, 5, 8, 11, 12, 18, 19, 22, 24, 25, 27, 32, 33, 36, 39, 56, 58, 62, 66, 76, 85, 91, 100, 107, 111, 112, 116, 125, 130, 131, 135, 145, 151, 159, 161, 174, 177, 182, 188, 189, 193, 195, 211, 213, 215, 216, 219, 221, 230, 231, 234, 242, 250, 252, 254, 256, 259, 266, 268, 287, 289, 290, 297, 299, 300, 303, 304, 305, 306, 312, 313, 319, 321, 324, 330, 332, 334, 339, 342, 344, 349, 356, 359, 367, 368, 373, 378, 391, 402, 405, 406, 409, 422, 424, 425, 426, 429, 430, 431, 436, 439, 444, 448, 451, 459, 462, 469, 472, 478, 488, 499, 501, 509, 510, 514, 517, 533, 535, 543, 549, 559, 561, 563, 568, 583, 584, 585, 590, 595, 600, 612, 615, 617, 631, 632, 637, 643, 659, 664, 665, 667, 673, 678, 684, 692, 698, 701, 702, 705, 709, 720, 727, 728, 736, 739, 740, 749, 752, 755, 769, 770, 774, 780, 787]
  - number of used colours: 164
Time Colour Constrained Dijkstra Algorithm: 0.07
Time Reduction Algorithm: 0.05
Time Formulation: 0.14
Total time: 0.26
Gap: 0.0
Removed nodes percentage: 94.16
Removed arcs percentage: 96.75252525252526
More Removed arcs percentage: 3.8880248833592534

=================================================================================
Time complete formulation: 18.12
Path
  - source node: 1
  - destination node: 10000
  - path: [1, 101, 201, 301, 401, 501, 502, 602, 702, 703, 803, 804, 904, 1004, 1104, 1204, 1304, 1404, 1405, 1505, 1605, 1705, 1805, 1806, 1807, 1907, 2007, 2107, 2207, 2307, 2407, 2408, 2508, 2509, 2609, 2610, 2710, 2711, 2712, 2713, 2714, 2715, 2716, 2717, 2718, 2719, 2720, 2820, 2821, 2921, 3021, 3121, 3221, 3321, 3421, 3521, 3522, 3622, 3722, 3822, 3823, 3923, 4023, 4123, 4124, 4224, 4324, 4325, 4326, 4426, 4427, 4428, 4528, 4529, 4530, 4531, 4532, 4632, 4732, 4733, 4734, 4735, 4736, 4737, 4738, 4838, 4938, 4939, 4940, 4941, 5041, 5141, 5241, 5341, 5342, 5442, 5542, 5642, 5643, 5743, 5843, 5844, 5944, 5945, 5946, 6046, 6047, 6147, 6247, 6347, 6447, 6547, 6548, 6549, 6649, 6650, 6750, 6850, 6950, 7050, 7150, 7151, 7152, 7153, 7154, 7155, 7156, 7157, 7257, 7258, 7259, 7359, 7360, 7460, 7461, 7462, 7562, 7563, 7564, 7565, 7665, 7666, 7667, 7668, 7669, 7769, 7869, 7870, 7970, 7971, 7972, 7973, 8073, 8173, 8273, 8274, 8374, 8375, 8475, 8575, 8576, 8676, 8776, 8876, 8976, 9076, 9077, 9078, 9079, 9080, 9081, 9181, 9182, 9183, 9184, 9185, 9186, 9187, 9188, 9189, 9190, 9191, 9192, 9193, 9293, 9393, 9493, 9593, 9594, 9595, 9596, 9696, 9697, 9698, 9798, 9799, 9899, 9900, 10000]
  - number of used nodes: 199
  - cost: 6289
Colours
  - colours: [3, 5, 8, 11, 12, 18, 19, 22, 24, 25, 27, 32, 33, 36, 39, 56, 58, 62, 66, 76, 85, 91, 100, 107, 111, 112, 116, 125, 130, 131, 135, 145, 151, 159, 161, 174, 177, 182, 188, 189, 193, 195, 211, 213, 215, 216, 219, 221, 230, 231, 234, 242, 250, 252, 254, 256, 259, 266, 268, 287, 289, 290, 297, 299, 300, 303, 304, 305, 306, 312, 313, 319, 321, 324, 330, 332, 334, 339, 342, 344, 349, 356, 359, 367, 368, 373, 378, 391, 402, 405, 406, 409, 422, 424, 425, 426, 429, 430, 431, 436, 439, 444, 448, 451, 459, 462, 469, 472, 478, 488, 499, 501, 509, 510, 514, 517, 533, 535, 543, 549, 559, 561, 563, 568, 583, 584, 585, 590, 595, 600, 612, 615, 617, 631, 632, 637, 643, 659, 664, 665, 667, 673, 678, 684, 692, 698, 701, 702, 705, 709, 720, 727, 728, 736, 739, 740, 749, 752, 755, 769, 770, 774, 780, 787]
  - number of used colours: 164