Path
  - source node: 1
  - destination node: 10000
  - path: [1, 2, 3, 103, 104, 204, 205, 206, 207, 208, 209, 309, 310, 311, 411, 412, 413, 414, 514, 515, 516, 616, 716, 717, 718, 719, 720, 721, 722, 723, 724, 725, 726, 826, 827, 927, 928, 1028, 1128, 1129, 1229, 1230, 1330, 1430, 1530, 1531, 1532, 1632, 1633, 1634, 1635, 1636, 1736, 1737, 1738, 1838, 1938, 1939, 2039, 2139, 2239, 2339, 2340, 2440, 2540, 2541, 2641, 2741, 2742, 2743, 2843, 2943, 2944, 3044, 3045, 3145, 3245, 3246, 3346, 3347, 3447, 3547, 3548, 3549, 3550, 3650, 3651, 3751, 3752, 3852, 3853, 3953, 3954, 4054, 4055, 4155, 4156, 4256, 4356, 4357, 4358, 4458, 4459, 4460, 4560, 4660, 4760, 4761, 4762, 4763, 4863, 4864, 4865, 4965, 5065, 5066, 5166, 5167, 5168, 5268, 5269, 5270, 5271, 5272, 5372, 5472, 5473, 5573, 5574, 5674, 5675, 5775, 5875, 5975, 6075, 6076, 6176, 6276, 6376, 6476, 6475, 6575, 6675, 6775, 6776, 6876, 6976, 7076, 7176, 7276, 7376, 7476, 7477, 7577, 7578, 7678, 7679, 7779, 7879, 7979, 8079, 8179, 8180, 8280, 8281, 8282, 8283, 8284, 8384, 8385, 8386, 8486, 8586, 8686, 8786, 8787, 8788, 8888, 8988, 9088, 9188, 9288, 9388, 9389, 9489, 9490, 9491, 9591, 9592, 9593, 9594, 9694, 9794, 9795, 9796, 9797, 9798, 9799, 9800, 9900, 10000]
  - number of used nodes: 201
  - cost: 6447
Colours
  - colours: [0, 3, 7, 14, 16, 18, 26, 28, 30, 34, 35, 38, 39, 40, 66, 76, 83, 84, 86, 88, 93, 94, 100, 105, 106, 109, 111, 124, 125, 128, 129, 131, 138, 140, 142, 145, 148, 150, 154, 157, 160, 163, 165, 169, 177, 184, 185, 194, 195, 209, 210, 218, 219, 220, 225, 227, 235, 242, 243, 246, 247, 254, 267, 275, 280, 286, 288, 293, 297, 308, 314, 317, 323, 332, 335, 350, 364, 367, 372, 373, 377, 380, 382, 384, 390, 392, 396, 397, 402, 409, 412, 414, 418, 422, 428, 429, 432, 434, 438, 439, 444, 450, 456, 462, 463, 470, 471, 479, 484, 487, 493, 494, 500, 503, 504, 509, 511, 517, 520, 544, 547, 551, 554, 555, 569, 571, 572, 573, 577, 579, 589, 593, 594, 604, 605, 609, 610, 612, 618, 623, 625, 633, 634, 637, 642, 643, 645, 649, 655, 658, 660, 669, 675, 680, 683, 686, 691, 693, 695, 697, 714, 717, 719, 736, 750, 752, 753, 756, 759, 761, 763, 773, 774, 785, 786, 788, 790]
  - number of used colours: 177
Time Colour Constrained Dijkstra Algorithm: 0.15
Time Reduction Algorithm: 0.05
Time Formulation: 0.12
Total time: 0.33
Gap: 0.5273770746083449
Removed nodes percentage: 93.76
Removed arcs percentage: 95.64646464646465
More Removed arcs percentage: 11.832946635730856

=================================================================================
Time complete formulation: 16.45
Path
  - source node: 1
  - destination node: 10000
  - path: [1, 2, 3, 103, 104, 204, 205, 206, 207, 208, 209, 309, 310, 311, 411, 412, 413, 414, 514, 515, 516, 616, 716, 717, 718, 719, 720, 721, 722, 723, 724, 725, 726, 826, 827, 927, 928, 1028, 1128, 1129, 1229, 1230, 1330, 1430, 1530, 1531, 1532, 1632, 1633, 1634, 1635, 1636, 1736, 1737, 1738, 1838, 1938, 1939, 2039, 2139, 2239, 2339, 2340, 2440, 2540, 2541, 2641, 2741, 2742, 2743, 2843, 2943, 2944, 3044, 3045, 3145, 3245, 3246, 3346, 3347, 3447, 3547, 3548, 3549, 3550, 3650, 3651, 3751, 3752, 3852, 3853, 3953, 3954, 4054, 4055, 4155, 4156, 4256, 4356, 4357, 4358, 4458, 4459, 4460, 4560, 4660, 4760, 4761, 4762, 4763, 4863, 4864, 4865, 4965, 5065, 5066, 5166, 5167, 5168, 5268, 5269, 5270, 5271, 5272, 5372, 5472, 5473, 5573, 5574, 5674, 5675, 5775, 5875, 5975, 6075, 6076, 6176, 6276, 6376, 6476, 6475, 6575, 6675, 6775, 6776, 6876, 6976, 7076, 7176, 7276, 7376, 7476, 7477, 7577, 7578, 7678, 7679, 7779, 7879, 7979, 8079, 8179, 8180, 8280, 8281, 8282, 8283, 8284, 8384, 8385, 8386, 8486, 8586, 8686, 8786, 8787, 8788, 8888, 8988, 9088, 9188, 9288, 9388, 9389, 9489, 9490, 9491, 9591, 9592, 9593, 9594, 9694, 9794, 9795, 9796, 9797, 9798, 9799, 9800, 9900, 10000]
  - number of used nodes: 201
  - cost: 6447
Colours
  - colours: [0, 3, 7, 14, 16, 18, 26, 28, 30, 34, 35, 38, 39, 40, 66, 76, 83, 84, 86, 88, 93, 94, 100, 105, 106, 109, 111, 124, 125, 128, 129, 131, 138, 140, 142, 145, 148, 150, 154, 157, 160, 163, 165, 169, 177, 184, 185, 194, 195, 209, 210, 218, 219, 220, 225, 227, 235, 242, 243, 246, 247, 254, 267, 275, 280, 286, 288, 293, 297, 308, 314, 317, 323, 332, 335, 350, 364, 367, 372, 373, 377, 380, 382, 384, 390, 392, 396, 397, 402, 409, 412, 414, 418, 422, 428, 429, 432, 434, 438, 439, 444, 450, 456, 462, 463, 470, 471, 479, 484, 487, 493, 494, 500, 503, 504, 509, 511, 517, 520, 544, 547, 551, 554, 555, 569, 571, 572, 573, 577, 579, 589, 593, 594, 604, 605, 609, 610, 612, 618, 623, 625, 633, 634, 637, 642, 643, 645, 649, 655, 658, 660, 669, 675, 680, 683, 686, 691, 693, 695, 697, 714, 717, 719, 736, 750, 752, 753, 756, 759, 761, 763, 774]
  - number of used colours: 172