Path
  - source node: 1
  - destination node: 10000
  - path: [1, 2, 3, 103, 203, 303, 403, 404, 504, 604, 704, 804, 904, 905, 906, 1006, 1007, 1107, 1207, 1208, 1308, 1408, 1508, 1509, 1510, 1511, 1611, 1612, 1712, 1812, 1912, 2012, 2112, 2212, 2312, 2412, 2512, 2513, 2613, 2614, 2714, 2814, 2914, 2915, 2916, 2917, 2918, 2919, 2920, 3020, 3120, 3121, 3122, 3222, 3322, 3323, 3423, 3424, 3425, 3426, 3427, 3428, 3429, 3529, 3530, 3531, 3532, 3632, 3633, 3733, 3833, 3933, 3934, 4034, 4134, 4234, 4235, 4236, 4336, 4337, 4338, 4339, 4340, 4341, 4342, 4343, 4344, 4345, 4346, 4347, 4447, 4448, 4449, 4549, 4550, 4650, 4651, 4652, 4752, 4852, 4952, 5052, 5152, 5153, 5253, 5254, 5255, 5256, 5257, 5258, 5259, 5260, 5360, 5460, 5461, 5561, 5661, 5761, 5861, 5862, 5863, 5763, 5764, 5765, 5766, 5866, 5966, 5967, 6067, 6068, 6069, 6169, 6269, 6270, 6370, 6470, 6471, 6571, 6572, 6672, 6673, 6674, 6675, 6676, 6776, 6777, 6877, 6878, 6978, 6979, 6980, 7080, 7180, 7181, 7281, 7282, 7382, 7482, 7582, 7682, 7782, 7783, 7883, 7983, 7984, 7985, 8085, 8185, 8285, 8286, 8386, 8387, 8487, 8587, 8588, 8589, 8689, 8789, 8790, 8890, 8891, 8991, 8992, 8993, 8994, 8995, 9095, 9195, 9196, 9296, 9297, 9397, 9497, 9597, 9598, 9698, 9798, 9799, 9899, 9900, 10000]
  - number of used nodes: 201
  - cost: 6205
Colours
  - colours: [0, 1, 520, 523, 528, 17, 530, 19, 20, 537, 26, 539, 29, 543, 32, 547, 549, 550, 551, 552, 35, 553, 559, 47, 564, 53, 56, 57, 63, 67, 582, 71, 587, 588, 590, 593, 594, 83, 84, 87, 89, 92, 93, 605, 100, 101, 616, 617, 105, 619, 107, 109, 110, 618, 104, 113, 114, 116, 120, 634, 123, 635, 638, 127, 645, 647, 648, 649, 652, 654, 659, 661, 155, 669, 670, 159, 673, 677, 678, 681, 683, 174, 176, 178, 185, 191, 193, 194, 195, 708, 198, 713, 202, 203, 717, 720, 722, 211, 213, 214, 727, 732, 735, 223, 228, 232, 747, 749, 751, 754, 755, 244, 245, 246, 247, 756, 252, 765, 254, 764, 768, 258, 263, 776, 265, 775, 780, 270, 782, 272, 785, 278, 283, 298, 302, 309, 315, 316, 323, 326, 343, 357, 382, 387, 391, 393, 397, 398, 399, 403, 405, 407, 417, 421, 422, 425, 432, 433, 448, 460, 461, 464, 468, 469, 474, 476, 486, 493, 499, 501, 502, 505, 506]
  - number of used colours: 173
Time Colour Constrained Dijkstra Algorithm: 0.41
Formulation time (on reduced graph): 0.25
Total time: 0.66
Gap: 0.016116035455278
Removed nodes percentage: 97.57000000000001
Removed arcs percentage: 98.67676767676767