Path
  - source node: 1
  - destination node: 10000
  - path: [1, 2, 3, 103, 104, 105, 106, 206, 207, 208, 308, 408, 508, 608, 609, 610, 611, 711, 811, 911, 1011, 1111, 1112, 1113, 1114, 1115, 1116, 1216, 1217, 1317, 1417, 1517, 1518, 1618, 1718, 1719, 1720, 1820, 1920, 1921, 2021, 2022, 2023, 2024, 2025, 2026, 2027, 2028, 2128, 2228, 2229, 2230, 2231, 2331, 2431, 2432, 2433, 2434, 2435, 2535, 2635, 2735, 2736, 2836, 2837, 2937, 3037, 3137, 3138, 3238, 3338, 3339, 3340, 3341, 3342, 3442, 3542, 3543, 3544, 3545, 3546, 3547, 3647, 3747, 3748, 3848, 3948, 4048, 4049, 4050, 4051, 4151, 4152, 4252, 4352, 4452, 4552, 4652, 4653, 4753, 4853, 4953, 4954, 5054, 5055, 5056, 5156, 5157, 5257, 5258, 5259, 5260, 5261, 5262, 5263, 5363, 5463, 5464, 5465, 5565, 5665, 5666, 5766, 5767, 5768, 5769, 5770, 5771, 5772, 5773, 5774, 5874, 5875, 5975, 5976, 5977, 6077, 6177, 6178, 6179, 6279, 6280, 6380, 6381, 6481, 6482, 6582, 6583, 6683, 6684, 6685, 6785, 6885, 6886, 6887, 6987, 7087, 7187, 7287, 7387, 7487, 7587, 7687, 7787, 7887, 7987, 8087, 8088, 8089, 8090, 8190, 8191, 8291, 8292, 8392, 8492, 8592, 8692, 8792, 8892, 8992, 9092, 9192, 9193, 9293, 9393, 9394, 9494, 9594, 9694, 9794, 9894, 9895, 9896, 9897, 9898, 9998, 9999, 10000]
  - number of used nodes: 199
  - cost: 6254
Colours
  - colours: [2, 7, 12, 14, 27, 31, 41, 46, 51, 62, 84, 91, 94, 100, 102, 103, 105, 115, 118, 138, 142, 152, 156, 161, 164, 166, 171, 172, 178, 183, 186, 189, 191, 195, 199, 200, 204, 216, 224, 225, 228, 229, 240, 241, 245, 246, 248, 258, 265, 270, 272, 273, 274, 280, 282, 283, 289, 291, 295, 301, 303, 304, 306, 310, 311, 320, 322, 323, 325, 335, 340, 348, 352, 355, 358, 366, 370, 380, 388, 389, 390, 392, 401, 403, 404, 405, 412, 418, 420, 425, 430, 435, 437, 446, 449, 452, 468, 481, 483, 484, 488, 501, 506, 507, 509, 513, 515, 527, 531, 536, 540, 544, 547, 548, 549, 553, 561, 562, 568, 569, 571, 575, 577, 579, 582, 585, 591, 599, 602, 606, 608, 613, 614, 623, 624, 628, 635, 644, 646, 651, 655, 657, 663, 665, 666, 669, 671, 679, 686, 687, 691, 695, 697, 698, 700, 706, 707, 711, 720, 721, 728, 730, 732, 733, 735, 736, 740, 742, 747, 752, 764, 772, 782, 789]
  - number of used colours: 174
Time Colour Constrained Dijkstra Algorithm: 0.62
Formulation time (on reduced graph): 0.37
Total time: 0.99
Gap: 0.002392726112617642
Removed nodes percentage: 95.43
Removed arcs percentage: 97.03030303030303