Path
  - source node: 1
  - destination node: 10000
  - path: [1, 101, 201, 202, 203, 303, 304, 305, 405, 505, 605, 606, 706, 806, 906, 907, 1007, 1008, 1009, 1109, 1209, 1210, 1211, 1212, 1213, 1214, 1215, 1216, 1316, 1416, 1415, 1515, 1615, 1715, 1815, 1816, 1817, 1917, 1918, 2018, 2118, 2218, 2219, 2220, 2221, 2222, 2322, 2323, 2423, 2523, 2524, 2525, 2526, 2626, 2627, 2727, 2827, 2927, 2928, 2929, 2930, 2931, 3031, 3131, 3132, 3232, 3233, 3333, 3433, 3533, 3633, 3733, 3833, 3933, 3934, 4034, 4035, 4135, 4235, 4236, 4237, 4238, 4239, 4339, 4439, 4440, 4540, 4640, 4740, 4741, 4742, 4743, 4744, 4745, 4746, 4846, 4946, 4947, 4948, 4949, 4950, 4951, 4952, 4953, 5053, 5153, 5253, 5353, 5354, 5355, 5356, 5357, 5457, 5458, 5558, 5559, 5659, 5660, 5661, 5761, 5861, 5961, 5962, 5963, 5964, 5965, 5966, 6066, 6166, 6266, 6267, 6268, 6368, 6369, 6469, 6470, 6570, 6670, 6770, 6870, 6970, 7070, 7170, 7171, 7271, 7371, 7471, 7571, 7671, 7771, 7871, 7872, 7873, 7874, 7875, 7876, 7976, 8076, 8077, 8177, 8178, 8179, 8180, 8280, 8281, 8282, 8283, 8383, 8483, 8583, 8584, 8585, 8586, 8587, 8588, 8589, 8489, 8490, 8491, 8591, 8691, 8692, 8693, 8694, 8794, 8795, 8796, 8797, 8798, 8898, 8899, 8999, 9000, 9100, 9200, 9199, 9299, 9399, 9499, 9599, 9699, 9799, 9899, 9900, 10000]
  - number of used nodes: 205
  - cost: 6207
Colours
  - colours: [2, 3, 4, 516, 8, 522, 523, 10, 16, 17, 23, 24, 26, 28, 540, 542, 544, 34, 35, 549, 40, 554, 43, 556, 555, 46, 561, 564, 567, 57, 58, 59, 578, 68, 586, 585, 589, 78, 591, 592, 82, 83, 599, 603, 96, 97, 102, 615, 618, 107, 625, 114, 116, 630, 631, 634, 127, 640, 131, 139, 140, 142, 661, 150, 149, 152, 153, 665, 159, 160, 162, 676, 679, 680, 169, 682, 684, 172, 688, 689, 178, 182, 184, 189, 702, 703, 192, 195, 196, 708, 198, 720, 721, 723, 212, 724, 728, 729, 730, 731, 732, 736, 738, 742, 743, 231, 233, 746, 747, 238, 240, 753, 754, 756, 757, 245, 248, 761, 764, 253, 255, 257, 773, 783, 274, 288, 290, 291, 292, 305, 307, 311, 316, 320, 322, 325, 327, 329, 335, 336, 340, 342, 358, 363, 371, 373, 377, 386, 391, 394, 397, 398, 400, 404, 410, 414, 440, 443, 446, 447, 452, 456, 460, 464, 466, 467, 476, 479, 488, 497, 503, 505, 507, 510]
  - number of used colours: 174
Time Colour Constrained Dijkstra Algorithm: 0.07
Total time: 0.15
Gap: 0.0644433703882713
Removed nodes percentage: 97.38
Removed arcs percentage: 98.6010101010101