Path
  - source node: 1
  - destination node: 10000
  - path: [1, 2, 102, 202, 302, 303, 304, 305, 306, 307, 308, 408, 508, 509, 609, 610, 611, 612, 613, 713, 813, 913, 1013, 1014, 1015, 1016, 1116, 1216, 1316, 1416, 1516, 1517, 1518, 1519, 1619, 1719, 1720, 1721, 1722, 1723, 1823, 1923, 1924, 1925, 2025, 2125, 2225, 2325, 2425, 2426, 2427, 2428, 2429, 2430, 2431, 2531, 2532, 2533, 2633, 2733, 2734, 2834, 2934, 3034, 3134, 3135, 3235, 3335, 3435, 3535, 3635, 3636, 3736, 3737, 3738, 3739, 3839, 3840, 3940, 4040, 4140, 4240, 4340, 4341, 4441, 4541, 4542, 4642, 4643, 4743, 4843, 4943, 4944, 5044, 5045, 5145, 5245, 5345, 5445, 5446, 5447, 5547, 5548, 5648, 5748, 5749, 5849, 5949, 5948, 6048, 6148, 6149, 6249, 6250, 6251, 6351, 6352, 6452, 6552, 6553, 6554, 6555, 6655, 6755, 6756, 6757, 6857, 6858, 6859, 6860, 6861, 6862, 6863, 6864, 6865, 6866, 6966, 7066, 7067, 7068, 7069, 7169, 7170, 7270, 7370, 7470, 7570, 7571, 7572, 7573, 7673, 7674, 7675, 7676, 7677, 7777, 7778, 7779, 7879, 7880, 7881, 7882, 7883, 7884, 7885, 7886, 7887, 7888, 7988, 7989, 8089, 8189, 8289, 8290, 8390, 8490, 8590, 8690, 8691, 8791, 8792, 8793, 8893, 8993, 8994, 8995, 9095, 9096, 9097, 9197, 9198, 9298, 9398, 9399, 9499, 9599, 9600, 9700, 9800, 9900, 10000]
  - number of used nodes: 201
  - cost: 6366
Colours
  - colours: [2, 5, 8, 9, 12, 13, 15, 28, 31, 33, 42, 51, 52, 57, 62, 64, 73, 74, 75, 83, 93, 101, 103, 105, 108, 114, 121, 124, 128, 135, 141, 145, 155, 160, 163, 171, 175, 177, 178, 181, 186, 198, 201, 204, 211, 213, 214, 216, 222, 225, 228, 230, 231, 236, 237, 238, 248, 251, 255, 267, 272, 273, 277, 283, 284, 298, 302, 307, 315, 319, 322, 329, 330, 334, 341, 342, 344, 347, 353, 356, 358, 371, 377, 378, 379, 381, 393, 395, 399, 405, 410, 420, 424, 427, 429, 430, 436, 439, 440, 451, 453, 454, 455, 460, 467, 476, 478, 488, 490, 501, 506, 514, 520, 527, 529, 532, 536, 538, 555, 556, 559, 563, 566, 567, 575, 587, 589, 594, 599, 604, 608, 618, 619, 620, 624, 625, 626, 632, 639, 645, 647, 649, 650, 654, 667, 669, 670, 678, 679, 694, 696, 697, 699, 704, 710, 711, 731, 732, 736, 740, 742, 751, 760, 770, 771, 772, 778, 786, 789]
  - number of used colours: 169
Time Colour Constrained Dijkstra Algorithm: 0.4
Formulation time (on reduced graph): 1.45
Total time: 1.85
Gap: 0.5655042412818096
Removed nodes percentage: 88.92999999999999
Removed arcs percentage: 91.43434343434343