Path
  - source node: 1
  - destination node: 10000
  - path: [1, 101, 102, 103, 104, 105, 205, 206, 207, 208, 209, 210, 211, 212, 213, 214, 314, 315, 415, 515, 615, 715, 716, 816, 817, 917, 918, 1018, 1118, 1119, 1120, 1121, 1122, 1222, 1322, 1422, 1522, 1523, 1524, 1525, 1625, 1725, 1825, 1925, 2025, 2026, 2126, 2226, 2227, 2228, 2229, 2329, 2429, 2430, 2431, 2531, 2631, 2632, 2633, 2733, 2833, 2933, 3033, 3133, 3134, 3135, 3235, 3335, 3435, 3535, 3635, 3735, 3736, 3836, 3936, 4036, 4136, 4236, 4336, 4337, 4338, 4438, 4538, 4638, 4639, 4640, 4740, 4739, 4839, 4939, 5039, 5139, 5140, 5141, 5241, 5341, 5441, 5541, 5641, 5741, 5742, 5842, 5942, 6042, 6142, 6143, 6243, 6244, 6344, 6345, 6445, 6446, 6546, 6646, 6647, 6747, 6748, 6848, 6948, 6949, 6950, 6951, 6952, 6953, 6954, 6955, 6956, 6957, 7057, 7058, 7059, 7060, 7160, 7161, 7261, 7262, 7362, 7462, 7562, 7563, 7663, 7664, 7665, 7765, 7766, 7767, 7867, 7868, 7869, 7870, 7871, 7872, 7972, 8072, 8073, 8173, 8174, 8175, 8176, 8276, 8277, 8278, 8378, 8379, 8380, 8480, 8481, 8581, 8582, 8682, 8782, 8783, 8784, 8884, 8885, 8886, 8986, 8987, 9087, 9088, 9188, 9189, 9190, 9191, 9291, 9292, 9293, 9393, 9493, 9593, 9594, 9694, 9794, 9795, 9796, 9797, 9897, 9997, 9998, 9999, 10000]
  - number of used nodes: 201
  - cost: 6433
Colours
  - colours: [514, 17, 536, 27, 28, 542, 31, 543, 551, 554, 561, 50, 565, 568, 570, 60, 61, 62, 575, 577, 73, 74, 586, 591, 80, 595, 84, 597, 603, 91, 604, 92, 607, 606, 97, 610, 605, 617, 618, 619, 109, 111, 628, 116, 118, 119, 122, 123, 637, 638, 639, 126, 132, 644, 136, 653, 142, 148, 661, 662, 663, 665, 666, 154, 158, 673, 162, 678, 680, 681, 166, 683, 684, 175, 692, 693, 182, 695, 184, 191, 704, 706, 194, 711, 714, 203, 204, 212, 214, 726, 732, 222, 230, 747, 236, 749, 237, 751, 750, 241, 754, 758, 247, 762, 766, 767, 262, 775, 264, 263, 774, 268, 269, 781, 271, 782, 274, 790, 791, 286, 292, 296, 297, 298, 318, 319, 321, 326, 329, 331, 336, 341, 346, 355, 356, 357, 371, 372, 376, 382, 386, 387, 395, 399, 400, 405, 408, 411, 419, 422, 430, 431, 436, 438, 445, 449, 451, 453, 456, 458, 468, 470, 475, 479, 496, 497, 502, 507, 508, 511]
  - number of used colours: 170
Time Colour Constrained Dijkstra Algorithm: 0.07
Time Reduction Algorithm: 0.07
Time Formulation: 0.01
Total time: 0.15
Gap: 0.0310896937665164
Removed nodes percentage: 97.92999999999999
Removed arcs percentage: 98.91919191919192
More Removed arcs percentage: 1.869158878504673

=================================================================================
Time complete formulation: 15.52
Path
  - source node: 1
  - destination node: 10000
  - path: [1, 101, 102, 103, 104, 105, 205, 206, 207, 208, 209, 210, 211, 212, 213, 214, 314, 315, 415, 515, 615, 715, 716, 816, 817, 917, 918, 1018, 1118, 1119, 1120, 1121, 1122, 1222, 1322, 1422, 1522, 1523, 1524, 1525, 1625, 1725, 1825, 1925, 2025, 2026, 2126, 2226, 2227, 2228, 2229, 2329, 2429, 2430, 2431, 2531, 2631, 2632, 2633, 2733, 2833, 2933, 3033, 3133, 3134, 3135, 3235, 3335, 3435, 3535, 3635, 3735, 3736, 3836, 3936, 4036, 4136, 4236, 4336, 4337, 4338, 4438, 4538, 4638, 4639, 4640, 4740, 4739, 4839, 4939, 5039, 5139, 5140, 5141, 5241, 5341, 5441, 5541, 5641, 5741, 5742, 5842, 5942, 6042, 6142, 6143, 6243, 6244, 6344, 6345, 6445, 6446, 6546, 6646, 6647, 6747, 6748, 6848, 6948, 6949, 6950, 6951, 6952, 6953, 6954, 6955, 6956, 6957, 7057, 7058, 7059, 7060, 7160, 7161, 7261, 7262, 7362, 7462, 7562, 7563, 7663, 7664, 7665, 7765, 7766, 7767, 7867, 7868, 7869, 7870, 7871, 7872, 7972, 8072, 8073, 8173, 8174, 8175, 8176, 8276, 8277, 8278, 8378, 8379, 8380, 8480, 8481, 8581, 8582, 8682, 8782, 8783, 8784, 8884, 8885, 8886, 8986, 8987, 9087, 9088, 9188, 9189, 9190, 9191, 9291, 9292, 9293, 9393, 9493, 9593, 9594, 9694, 9794, 9795, 9796, 9797, 9897, 9997, 9998, 9999, 10000]
  - number of used nodes: 201
  - cost: 6433
Colours
  - colours: [17, 27, 28, 31, 50, 60, 61, 62, 73, 74, 80, 84, 91, 92, 97, 109, 111, 116, 118, 119, 122, 123, 126, 132, 136, 142, 148, 154, 158, 162, 166, 175, 182, 184, 191, 194, 203, 204, 212, 214, 222, 230, 236, 237, 241, 247, 262, 263, 264, 268, 269, 271, 274, 286, 292, 296, 297, 298, 318, 319, 321, 326, 329, 331, 336, 341, 346, 355, 356, 357, 371, 372, 376, 382, 386, 387, 395, 399, 400, 405, 408, 411, 419, 422, 430, 431, 436, 438, 445, 449, 451, 453, 456, 458, 468, 470, 475, 479, 496, 497, 502, 507, 508, 511, 514, 536, 542, 543, 551, 554, 561, 565, 568, 570, 575, 577, 586, 591, 595, 597, 603, 604, 605, 606, 607, 610, 617, 618, 619, 628, 637, 638, 639, 644, 653, 661, 662, 663, 665, 666, 673, 678, 680, 681, 683, 684, 692, 693, 695, 704, 706, 711, 714, 726, 732, 747, 749, 750, 751, 754, 758, 762, 766, 767, 774, 775, 781, 782, 790, 791]
  - number of used colours: 170