Path
  - source node: 1
  - destination node: 10000
  - path: [1, 101, 102, 202, 302, 303, 304, 305, 306, 406, 407, 507, 508, 509, 609, 610, 611, 612, 613, 614, 615, 616, 617, 618, 619, 620, 621, 622, 623, 723, 724, 725, 726, 727, 728, 828, 928, 1028, 1128, 1228, 1229, 1329, 1429, 1529, 1530, 1531, 1631, 1632, 1633, 1733, 1732, 1832, 1833, 1834, 1934, 2034, 2035, 2036, 2136, 2236, 2237, 2238, 2338, 2339, 2439, 2440, 2441, 2541, 2542, 2642, 2742, 2743, 2843, 2844, 2944, 3044, 3045, 3046, 3146, 3246, 3346, 3446, 3447, 3547, 3548, 3549, 3550, 3551, 3651, 3652, 3752, 3753, 3754, 3755, 3756, 3757, 3758, 3759, 3859, 3860, 3960, 4060, 4061, 4161, 4162, 4163, 4164, 4165, 4265, 4365, 4465, 4466, 4467, 4468, 4469, 4569, 4570, 4670, 4770, 4870, 4970, 4971, 5071, 5171, 5271, 5272, 5372, 5472, 5473, 5573, 5673, 5773, 5873, 5874, 5974, 5975, 5976, 5977, 6077, 6078, 6178, 6179, 6180, 6181, 6281, 6381, 6382, 6482, 6582, 6583, 6584, 6585, 6685, 6686, 6786, 6886, 6986, 7086, 7186, 7187, 7287, 7387, 7487, 7587, 7588, 7688, 7689, 7789, 7889, 7989, 8089, 8189, 8289, 8290, 8390, 8490, 8590, 8690, 8691, 8692, 8693, 8694, 8695, 8795, 8895, 8896, 8996, 8997, 8998, 9098, 9198, 9298, 9398, 9498, 9598, 9599, 9699, 9700, 9800, 9900, 10000]
  - number of used nodes: 201
  - cost: 6193
Colours
  - colours: {0, 4, 9, 11, 12, 14, 15, 16, 26, 27, 29, 32, 33, 39, 40, 43, 44, 50, 52, 53, 56, 59, 61, 64, 65, 70, 78, 79, 87, 88, 89, 91, 95, 96, 97, 98, 100, 101, 103, 104, 105, 107, 109, 110, 111, 114, 117, 118, 119, 120, 121, 122, 124, 125, 127, 131, 133, 135, 136, 140, 142, 143, 144, 146, 147, 152, 156, 158, 162, 164, 165, 168, 170, 171, 173, 176, 177, 179, 181, 187, 188, 189, 191, 192, 193, 196, 200, 203, 209, 210, 211, 212, 214, 230, 233, 236, 239, 241, 242, 243, 244, 245, 246, 257, 258, 259, 260, 264, 268, 276, 277, 279, 280, 283, 287, 292, 295, 296, 304, 309, 313, 314, 317, 319, 320, 323, 326, 329, 330, 331, 332, 335, 343, 344, 346, 347, 350, 352, 354, 356, 360, 361, 364, 366, 367, 369, 370, 371, 372, 376, 378, 379, 381, 386, 390, 392, 394, 395}
  - number of used colours: 158
Time Colour Constrained Dijkstra Algorithm: 0.03
Time Reduction Algorithm: 0
Time Formulation: 0
Total time: 0.03
Gap: 0
Removed nodes percentage: -1
Removed arcs percentage: -1
More Removed arcs percentage: -1

=================================================================================
Time complete formulation: 16.87
Path
  - source node: 1
  - destination node: 10000
  - path: [1, 101, 102, 202, 302, 303, 304, 305, 306, 406, 407, 507, 508, 509, 609, 610, 611, 612, 613, 614, 615, 616, 617, 618, 619, 620, 621, 622, 623, 723, 724, 725, 726, 727, 728, 828, 928, 1028, 1128, 1228, 1229, 1329, 1429, 1529, 1530, 1531, 1631, 1632, 1633, 1733, 1732, 1832, 1833, 1834, 1934, 2034, 2035, 2036, 2136, 2236, 2237, 2238, 2338, 2339, 2439, 2440, 2441, 2541, 2542, 2642, 2742, 2743, 2843, 2844, 2944, 3044, 3045, 3046, 3146, 3246, 3346, 3446, 3447, 3547, 3548, 3549, 3550, 3551, 3651, 3652, 3752, 3753, 3754, 3755, 3756, 3757, 3758, 3759, 3859, 3860, 3960, 4060, 4061, 4161, 4162, 4163, 4164, 4165, 4265, 4365, 4465, 4466, 4467, 4468, 4469, 4569, 4570, 4670, 4770, 4870, 4970, 4971, 5071, 5171, 5271, 5272, 5372, 5472, 5473, 5573, 5673, 5773, 5873, 5874, 5974, 5975, 5976, 5977, 6077, 6078, 6178, 6179, 6180, 6181, 6281, 6381, 6382, 6482, 6582, 6583, 6584, 6585, 6685, 6686, 6786, 6886, 6986, 7086, 7186, 7187, 7287, 7387, 7487, 7587, 7588, 7688, 7689, 7789, 7889, 7989, 8089, 8189, 8289, 8290, 8390, 8490, 8590, 8690, 8691, 8692, 8693, 8694, 8695, 8795, 8895, 8896, 8996, 8997, 8998, 9098, 9198, 9298, 9398, 9498, 9598, 9599, 9699, 9700, 9800, 9900, 10000]
  - number of used nodes: 201
  - cost: 6193
Colours
  - colours: [0, 4, 9, 11, 12, 14, 15, 16, 26, 27, 29, 32, 33, 39, 40, 43, 44, 50, 52, 53, 56, 59, 61, 64, 65, 70, 78, 79, 87, 88, 89, 91, 95, 96, 97, 98, 100, 101, 103, 104, 105, 107, 109, 110, 111, 114, 117, 118, 119, 120, 121, 122, 124, 125, 127, 131, 133, 135, 136, 140, 142, 143, 144, 146, 147, 152, 156, 158, 162, 164, 165, 168, 170, 171, 173, 176, 177, 179, 181, 187, 188, 189, 191, 192, 193, 196, 200, 203, 209, 210, 211, 212, 214, 230, 233, 236, 239, 241, 242, 243, 244, 245, 246, 257, 258, 259, 260, 264, 268, 276, 277, 279, 280, 283, 287, 292, 295, 296, 304, 309, 313, 314, 317, 319, 320, 323, 326, 329, 330, 331, 332, 335, 343, 344, 346, 347, 350, 352, 354, 356, 360, 361, 364, 366, 367, 369, 370, 371, 372, 376, 378, 379, 381, 386, 390, 392, 394, 395]
  - number of used colours: 158


RILP Time NO EXTRA REDUCTION: 0.04
