Path
  - source node: 1
  - destination node: 10000
  - path: [1, 2, 102, 202, 302, 402, 502, 503, 504, 505, 506, 507, 508, 509, 609, 610, 611, 612, 613, 713, 813, 913, 1013, 1014, 1015, 1016, 1116, 1216, 1316, 1416, 1516, 1517, 1518, 1519, 1619, 1719, 1720, 1721, 1722, 1723, 1823, 1923, 1924, 1925, 2025, 2125, 2126, 2127, 2227, 2228, 2229, 2230, 2231, 2232, 2233, 2333, 2433, 2533, 2633, 2733, 2734, 2834, 2934, 3034, 3134, 3135, 3235, 3335, 3435, 3535, 3635, 3636, 3736, 3737, 3738, 3739, 3839, 3840, 3940, 4040, 4140, 4240, 4340, 4341, 4441, 4541, 4542, 4642, 4643, 4743, 4843, 4943, 4944, 4945, 4946, 4947, 5047, 5147, 5148, 5149, 5249, 5349, 5449, 5450, 5550, 5650, 5651, 5652, 5653, 5753, 5853, 5854, 5855, 5856, 5857, 5957, 6057, 6058, 6158, 6258, 6259, 6359, 6360, 6361, 6362, 6262, 6263, 6363, 6463, 6563, 6564, 6664, 6764, 6864, 6865, 6866, 6966, 7066, 7067, 7068, 7069, 7169, 7170, 7270, 7370, 7470, 7570, 7571, 7572, 7573, 7673, 7674, 7675, 7676, 7677, 7777, 7778, 7779, 7879, 7880, 7881, 7882, 7883, 7884, 7885, 7886, 7887, 7888, 7988, 7989, 8089, 8189, 8289, 8290, 8390, 8490, 8590, 8690, 8691, 8791, 8792, 8793, 8893, 8993, 8994, 8995, 9095, 9096, 9097, 9197, 9198, 9298, 9398, 9399, 9499, 9599, 9600, 9700, 9800, 9900, 10000]
  - number of used nodes: 201
  - cost: 6371
Colours
  - colours: [1, 4, 6, 7, 8, 13, 14, 16, 25, 26, 28, 29, 32, 36, 37, 41, 42, 46, 50, 52, 54, 60, 62, 64, 70, 72, 75, 77, 80, 81, 85, 87, 88, 89, 90, 93, 99, 100, 106, 107, 112, 113, 114, 115, 118, 119, 123, 124, 127, 136, 138, 141, 142, 144, 149, 153, 154, 157, 159, 161, 164, 167, 170, 171, 172, 173, 176, 178, 179, 183, 184, 185, 189, 190, 191, 192, 196, 197, 199, 202, 205, 210, 212, 213, 219, 220, 226, 227, 229, 230, 233, 238, 239, 241, 244, 245, 246, 257, 259, 263, 266, 275, 277, 278, 279, 281, 283, 287, 293, 294, 297, 299, 300, 302, 304, 309, 312, 313, 316, 317, 318, 319, 320, 322, 323, 327, 330, 332, 333, 335, 337, 339, 342, 347, 348, 349, 350, 355, 363, 365, 366, 368, 369, 370, 371, 374, 380, 385, 386, 391, 393, 394]
  - number of used colours: 152
Time Colour Constrained Dijkstra Algorithm: 0.3
Formulation time (on reduced graph): 0.86
Total time: 1.16
Gap: 0.10987286140323341
Removed nodes percentage: 92.38
Removed arcs percentage: 94.77777777777779