Path
  - source node: 1
  - destination node: 10000
  - path: [1, 2, 102, 103, 203, 303, 403, 503, 603, 604, 704, 705, 805, 806, 807, 907, 1007, 1107, 1108, 1109, 1110, 1111, 1112, 1212, 1312, 1313, 1314, 1315, 1415, 1515, 1516, 1517, 1518, 1418, 1419, 1420, 1421, 1422, 1423, 1424, 1425, 1426, 1526, 1626, 1726, 1826, 1827, 1927, 2027, 2127, 2227, 2327, 2427, 2428, 2528, 2628, 2728, 2729, 2829, 2830, 2930, 3030, 3031, 3032, 3033, 3034, 3035, 3036, 3037, 3137, 3237, 3337, 3437, 3537, 3538, 3638, 3637, 3737, 3738, 3838, 3938, 4038, 4138, 4238, 4239, 4339, 4439, 4539, 4540, 4640, 4641, 4741, 4841, 4842, 4843, 4943, 5043, 5143, 5243, 5244, 5245, 5345, 5346, 5446, 5546, 5646, 5647, 5747, 5748, 5848, 5948, 5949, 6049, 6149, 6150, 6151, 6152, 6252, 6352, 6353, 6453, 6454, 6554, 6555, 6556, 6557, 6558, 6658, 6758, 6759, 6859, 6860, 6861, 6862, 6962, 6963, 7063, 7064, 7164, 7264, 7364, 7365, 7366, 7367, 7467, 7567, 7568, 7668, 7768, 7769, 7669, 7670, 7770, 7771, 7871, 7971, 8071, 8072, 8172, 8173, 8273, 8274, 8275, 8276, 8277, 8377, 8378, 8478, 8578, 8579, 8679, 8779, 8879, 8880, 8881, 8882, 8883, 8983, 8984, 8985, 8986, 9086, 9087, 9088, 9089, 9090, 9091, 9191, 9291, 9391, 9491, 9492, 9493, 9593, 9594, 9694, 9794, 9795, 9796, 9797, 9798, 9799, 9800, 9900, 10000]
  - number of used nodes: 205
  - cost: 5987
Colours
  - colours: [0, 5, 7, 8, 9, 11, 16, 18, 21, 24, 27, 30, 31, 33, 35, 36, 41, 43, 44, 46, 49, 52, 53, 54, 56, 57, 60, 62, 66, 67, 71, 74, 78, 80, 81, 82, 84, 94, 95, 96, 97, 100, 101, 110, 112, 115, 118, 120, 121, 124, 130, 131, 132, 135, 139, 142, 143, 147, 149, 154, 155, 156, 158, 161, 165, 166, 167, 169, 171, 175, 176, 178, 179, 180, 181, 182, 186, 187, 188, 191, 193, 200, 202, 204, 208, 209, 213, 215, 216, 219, 221, 226, 227, 228, 230, 232, 237, 240, 241, 250, 254, 257, 259, 262, 263, 264, 266, 269, 270, 271, 273, 276, 278, 279, 280, 285, 296, 298, 303, 306, 307, 315, 320, 323, 324, 327, 329, 332, 333, 334, 337, 339, 340, 343, 344, 346, 348, 350, 351, 356, 363, 364, 369, 371, 373, 374, 376, 377, 378, 383, 384, 388, 389, 390, 391, 392]
  - number of used colours: 156
Time Colour Constrained Dijkstra Algorithm: 0.1
Time Reduction Algorithm: 0.05
Time Formulation: 0.1
Total time: 0.24
Gap: 0.6013028227826959
Removed nodes percentage: 94.19
Removed arcs percentage: 95.88888888888889
More Removed arcs percentage: 9.828009828009831

=================================================================================
Time complete formulation: 16.86
Path
  - source node: 1
  - destination node: 10000
  - path: [1, 2, 102, 103, 203, 303, 403, 503, 603, 604, 704, 705, 805, 806, 807, 907, 1007, 1008, 1108, 1109, 1110, 1111, 1112, 1212, 1312, 1313, 1314, 1315, 1415, 1515, 1516, 1517, 1518, 1418, 1419, 1420, 1421, 1422, 1423, 1424, 1425, 1426, 1526, 1626, 1726, 1826, 1827, 1927, 2027, 2127, 2227, 2327, 2427, 2428, 2528, 2628, 2728, 2729, 2829, 2830, 2930, 3030, 3031, 3032, 3033, 3034, 3035, 3036, 3037, 3137, 3237, 3337, 3437, 3537, 3538, 3638, 3637, 3737, 3738, 3838, 3938, 4038, 4138, 4238, 4239, 4339, 4439, 4539, 4540, 4640, 4641, 4741, 4841, 4842, 4843, 4943, 5043, 5143, 5243, 5244, 5245, 5345, 5346, 5446, 5546, 5646, 5647, 5747, 5748, 5848, 5948, 5949, 6049, 6149, 6150, 6151, 6152, 6252, 6352, 6353, 6453, 6454, 6554, 6555, 6556, 6557, 6558, 6658, 6758, 6759, 6859, 6860, 6861, 6862, 6962, 6963, 7063, 7064, 7164, 7264, 7364, 7365, 7366, 7367, 7467, 7567, 7568, 7668, 7768, 7769, 7669, 7670, 7770, 7771, 7871, 7971, 8071, 8072, 8172, 8173, 8273, 8274, 8275, 8276, 8277, 8377, 8378, 8478, 8578, 8579, 8679, 8779, 8879, 8880, 8881, 8882, 8883, 8983, 8984, 8985, 8986, 9086, 9087, 9088, 9089, 9090, 9091, 9191, 9291, 9391, 9491, 9492, 9493, 9593, 9594, 9694, 9794, 9795, 9796, 9797, 9798, 9799, 9800, 9900, 10000]
  - number of used nodes: 205
  - cost: 5987
Colours
  - colours: [0, 5, 7, 8, 9, 11, 16, 18, 21, 24, 27, 30, 31, 33, 35, 36, 41, 43, 44, 46, 49, 52, 53, 54, 56, 60, 62, 66, 67, 71, 74, 78, 80, 81, 82, 84, 94, 95, 96, 97, 100, 101, 110, 112, 115, 118, 120, 121, 124, 130, 131, 132, 135, 139, 142, 143, 147, 149, 154, 155, 156, 158, 161, 165, 166, 167, 169, 171, 175, 176, 178, 179, 180, 181, 182, 186, 187, 188, 191, 193, 200, 202, 204, 208, 209, 213, 215, 216, 219, 221, 226, 227, 228, 230, 232, 237, 240, 241, 250, 254, 257, 259, 262, 263, 264, 266, 267, 269, 270, 271, 273, 276, 278, 279, 280, 285, 296, 298, 303, 306, 307, 315, 320, 323, 324, 327, 329, 332, 333, 334, 337, 339, 340, 343, 344, 346, 348, 350, 351, 356, 363, 364, 369, 371, 373, 374, 376, 377, 378, 383, 384, 388, 389, 390, 391, 392]
  - number of used colours: 156