Path
  - source node: 1
  - destination node: 10000
  - path: [1, 101, 102, 103, 104, 105, 106, 107, 108, 109, 110, 111, 112, 212, 312, 313, 314, 414, 415, 515, 516, 517, 617, 618, 718, 719, 720, 620, 621, 622, 623, 624, 625, 525, 526, 527, 528, 628, 629, 729, 730, 830, 831, 931, 1031, 1131, 1132, 1133, 1134, 1135, 1136, 1137, 1138, 1139, 1140, 1240, 1241, 1341, 1342, 1343, 1344, 1345, 1445, 1545, 1645, 1646, 1647, 1747, 1847, 1947, 2047, 2048, 2148, 2248, 2348, 2349, 2350, 2351, 2352, 2353, 2453, 2553, 2653, 2654, 2754, 2854, 2954, 2955, 3055, 3155, 3156, 3256, 3257, 3258, 3358, 3359, 3459, 3559, 3659, 3660, 3760, 3860, 3861, 3961, 3962, 3963, 3964, 3965, 3966, 4066, 4166, 4266, 4265, 4365, 4366, 4466, 4566, 4567, 4568, 4668, 4768, 4868, 4968, 4969, 5069, 5070, 5170, 5270, 5370, 5470, 5471, 5571, 5671, 5771, 5871, 5971, 6071, 6171, 6271, 6272, 6372, 6373, 6374, 6375, 6475, 6476, 6576, 6577, 6677, 6777, 6877, 6878, 6879, 6979, 7079, 7080, 7180, 7181, 7281, 7381, 7382, 7482, 7483, 7583, 7683, 7783, 7784, 7785, 7786, 7886, 7986, 7987, 7988, 7989, 8089, 8090, 8190, 8191, 8291, 8391, 8392, 8393, 8493, 8593, 8594, 8694, 8794, 8795, 8796, 8896, 8897, 8997, 9097, 9098, 9198, 9199, 9299, 9399, 9499, 9599, 9699, 9700, 9800, 9900, 10000]
  - number of used nodes: 205
  - cost: 6365
Colours
  - colours: {4, 8, 9, 10, 13, 15, 16, 17, 19, 21, 22, 24, 26, 28, 29, 35, 37, 40, 41, 45, 48, 55, 57, 58, 59, 60, 62, 64, 65, 73, 77, 83, 84, 88, 90, 92, 93, 94, 96, 97, 100, 103, 105, 106, 109, 111, 114, 115, 118, 121, 125, 127, 129, 133, 138, 142, 146, 151, 154, 158, 159, 162, 174, 177, 183, 184, 187, 188, 189, 194, 197, 198, 200, 201, 203, 207, 208, 209, 211, 213, 214, 219, 220, 223, 225, 231, 233, 234, 235, 237, 241, 246, 247, 250, 251, 255, 256, 257, 260, 262, 264, 265, 267, 268, 270, 276, 282, 285, 287, 290, 291, 292, 294, 295, 296, 297, 298, 299, 301, 303, 304, 308, 310, 311, 312, 315, 316, 317, 319, 322, 326, 330, 331, 332, 333, 334, 336, 337, 338, 339, 340, 343, 345, 348, 352, 353, 356, 359, 361, 364, 365, 366, 370, 372, 373, 375, 378, 379, 385, 389, 393, 395}
  - number of used colours: 162
Time Colour Constrained Dijkstra Algorithm: 0.04
Time Reduction Algorithm: 0
Time Formulation: 0
Total time: 0.04
Gap: 0
Removed nodes percentage: -1
Removed arcs percentage: -1
More Removed arcs percentage: -1