Path
  - source node: 1
  - destination node: 10000
  - path: [1, 101, 201, 301, 401, 501, 502, 602, 702, 703, 803, 804, 904, 1004, 1104, 1204, 1304, 1404, 1405, 1505, 1605, 1705, 1805, 1806, 1807, 1907, 2007, 2107, 2207, 2307, 2407, 2408, 2508, 2509, 2609, 2610, 2710, 2711, 2712, 2713, 2714, 2715, 2716, 2717, 2718, 2719, 2720, 2820, 2821, 2921, 3021, 3121, 3221, 3321, 3421, 3521, 3522, 3622, 3722, 3822, 3823, 3923, 4023, 4123, 4124, 4224, 4324, 4325, 4326, 4426, 4427, 4428, 4528, 4529, 4530, 4531, 4532, 4632, 4732, 4733, 4734, 4735, 4736, 4737, 4738, 4838, 4938, 4939, 4940, 4941, 5041, 5141, 5241, 5341, 5342, 5442, 5542, 5642, 5643, 5743, 5843, 5844, 5944, 5945, 5946, 6046, 6047, 6147, 6247, 6347, 6447, 6547, 6548, 6549, 6649, 6650, 6750, 6850, 6950, 7050, 7150, 7151, 7152, 7153, 7154, 7155, 7156, 7157, 7257, 7258, 7259, 7359, 7360, 7460, 7461, 7462, 7562, 7563, 7564, 7565, 7665, 7666, 7667, 7668, 7669, 7769, 7869, 7870, 7970, 7971, 7972, 7973, 8073, 8173, 8273, 8274, 8374, 8375, 8475, 8575, 8576, 8676, 8776, 8876, 8976, 9076, 9077, 9078, 9079, 9080, 9081, 9181, 9182, 9183, 9184, 9185, 9186, 9187, 9188, 9189, 9190, 9191, 9192, 9193, 9293, 9393, 9493, 9593, 9594, 9595, 9596, 9696, 9697, 9698, 9798, 9799, 9899, 9900, 10000]
  - number of used nodes: 199
  - cost: 6289
Colours
  - colours: [1, 2, 4, 5, 6, 9, 11, 12, 13, 16, 18, 19, 28, 29, 31, 33, 38, 42, 45, 50, 53, 55, 56, 58, 62, 65, 67, 72, 75, 79, 80, 87, 88, 91, 94, 96, 97, 105, 106, 107, 108, 109, 110, 115, 117, 121, 125, 126, 127, 128, 129, 133, 134, 143, 144, 145, 148, 149, 150, 151, 152, 153, 156, 159, 160, 162, 165, 166, 167, 169, 171, 172, 174, 178, 179, 183, 184, 186, 189, 195, 201, 202, 203, 204, 211, 212, 213, 214, 215, 218, 219, 222, 224, 225, 229, 231, 234, 236, 239, 244, 249, 250, 254, 255, 257, 258, 266, 267, 271, 274, 279, 280, 281, 284, 291, 292, 295, 297, 300, 306, 307, 308, 315, 316, 318, 321, 329, 332, 333, 336, 339, 342, 346, 349, 350, 351, 352, 354, 360, 363, 364, 368, 369, 370, 374, 376, 377, 384, 385, 387, 390, 393]
  - number of used colours: 152
Time Colour Constrained Dijkstra Algorithm: 0.16
Time Reduction Algorithm: 0.05
Time Formulation: 0.42
Total time: 0.63
Gap: 0.5406264906980442
Removed nodes percentage: 88.18
Removed arcs percentage: 91.44949494949495
More Removed arcs percentage: 12.344949793266391

=================================================================================
Time complete formulation: 18.05
Path
  - source node: 1
  - destination node: 10000
  - path: [1, 101, 201, 301, 401, 501, 502, 602, 702, 703, 803, 804, 904, 1004, 1104, 1204, 1304, 1404, 1405, 1505, 1605, 1705, 1805, 1806, 1807, 1907, 2007, 2107, 2207, 2307, 2407, 2408, 2508, 2509, 2609, 2610, 2710, 2711, 2712, 2713, 2714, 2715, 2716, 2717, 2718, 2719, 2720, 2820, 2821, 2921, 3021, 3121, 3221, 3321, 3421, 3521, 3522, 3622, 3722, 3822, 3823, 3923, 4023, 4123, 4124, 4224, 4324, 4325, 4326, 4426, 4427, 4428, 4528, 4529, 4530, 4531, 4532, 4632, 4732, 4733, 4734, 4735, 4736, 4737, 4738, 4838, 4938, 4939, 4940, 4941, 5041, 5141, 5241, 5341, 5342, 5442, 5542, 5642, 5643, 5743, 5843, 5844, 5944, 5945, 5946, 6046, 6047, 6147, 6247, 6347, 6447, 6547, 6548, 6549, 6649, 6650, 6750, 6850, 6950, 7050, 7150, 7151, 7152, 7153, 7154, 7155, 7156, 7157, 7257, 7258, 7259, 7359, 7360, 7460, 7461, 7462, 7562, 7563, 7564, 7565, 7665, 7666, 7667, 7668, 7669, 7769, 7869, 7870, 7970, 7971, 7972, 7973, 8073, 8173, 8273, 8274, 8374, 8375, 8475, 8575, 8576, 8676, 8776, 8876, 8976, 9076, 9077, 9078, 9079, 9080, 9081, 9181, 9182, 9183, 9184, 9185, 9186, 9187, 9188, 9189, 9190, 9191, 9192, 9193, 9293, 9393, 9493, 9593, 9594, 9595, 9596, 9696, 9697, 9698, 9798, 9799, 9899, 9900, 10000]
  - number of used nodes: 199
  - cost: 6289
Colours
  - colours: [1, 2, 4, 5, 6, 9, 11, 12, 13, 16, 18, 19, 28, 29, 31, 33, 38, 42, 45, 50, 53, 55, 56, 58, 62, 65, 67, 72, 75, 79, 80, 87, 88, 91, 94, 96, 97, 105, 106, 107, 108, 109, 110, 115, 117, 121, 125, 126, 127, 128, 129, 133, 134, 143, 144, 145, 148, 149, 150, 151, 152, 153, 156, 159, 160, 162, 165, 166, 167, 169, 171, 172, 174, 178, 179, 183, 184, 186, 189, 195, 201, 202, 203, 204, 211, 212, 213, 214, 215, 218, 219, 222, 224, 225, 229, 231, 234, 236, 239, 244, 249, 250, 254, 255, 257, 258, 266, 267, 271, 274, 279, 280, 281, 284, 291, 292, 295, 297, 300, 306, 307, 308, 315, 316, 318, 321, 329, 332, 333, 336, 339, 342, 346, 349, 350, 351, 352, 354, 360, 363, 364, 368, 369, 370, 374, 376, 377, 384, 385, 387, 390, 393]
  - number of used colours: 152


RILP Time NO EXTRA REDUCTION: 0.64
