Path
  - source node: 1
  - destination node: 10000
  - path: [1, 2, 3, 103, 104, 204, 205, 206, 207, 208, 209, 309, 310, 311, 411, 412, 413, 414, 514, 515, 516, 616, 716, 717, 718, 719, 720, 721, 722, 723, 724, 725, 726, 826, 827, 927, 928, 1028, 1128, 1129, 1229, 1230, 1330, 1430, 1530, 1531, 1532, 1632, 1633, 1634, 1635, 1636, 1736, 1737, 1738, 1838, 1938, 1939, 2039, 2139, 2239, 2339, 2340, 2440, 2540, 2541, 2641, 2741, 2742, 2743, 2843, 2943, 2944, 3044, 3045, 3145, 3245, 3246, 3346, 3347, 3447, 3547, 3548, 3549, 3550, 3650, 3651, 3751, 3752, 3852, 3853, 3953, 3954, 4054, 4055, 4155, 4156, 4256, 4356, 4357, 4358, 4458, 4459, 4460, 4560, 4660, 4760, 4761, 4762, 4763, 4863, 4864, 4865, 4965, 5065, 5066, 5166, 5167, 5168, 5268, 5269, 5270, 5271, 5272, 5372, 5472, 5473, 5573, 5574, 5674, 5675, 5775, 5875, 5975, 6075, 6076, 6176, 6276, 6376, 6476, 6475, 6575, 6675, 6775, 6776, 6876, 6976, 7076, 7176, 7276, 7376, 7476, 7477, 7577, 7578, 7678, 7679, 7779, 7879, 7979, 8079, 8179, 8180, 8280, 8281, 8282, 8283, 8284, 8384, 8385, 8386, 8486, 8586, 8686, 8786, 8787, 8788, 8888, 8988, 9088, 9188, 9288, 9388, 9389, 9489, 9490, 9491, 9591, 9592, 9593, 9594, 9694, 9794, 9795, 9796, 9797, 9798, 9799, 9800, 9900, 10000]
  - number of used nodes: 201
  - cost: 6447
Colours
  - colours: [0, 1, 3, 7, 8, 9, 13, 14, 15, 17, 19, 20, 33, 38, 41, 42, 43, 44, 46, 47, 50, 52, 53, 54, 55, 62, 64, 65, 69, 70, 71, 72, 74, 75, 77, 78, 80, 81, 82, 84, 88, 92, 97, 104, 105, 109, 110, 112, 113, 117, 121, 123, 127, 133, 137, 140, 143, 144, 146, 148, 154, 157, 158, 161, 166, 167, 175, 182, 183, 186, 188, 190, 191, 192, 195, 196, 198, 201, 204, 206, 207, 209, 211, 214, 216, 217, 219, 222, 225, 228, 231, 235, 239, 242, 243, 246, 247, 250, 251, 252, 254, 255, 258, 260, 272, 273, 275, 277, 284, 285, 286, 288, 289, 294, 296, 297, 302, 304, 305, 306, 309, 311, 312, 316, 317, 318, 321, 322, 324, 327, 329, 330, 334, 337, 340, 341, 343, 345, 346, 347, 348, 357, 358, 359, 368, 375, 376, 378, 379, 380, 381, 387]
  - number of used colours: 152
Time Colour Constrained Dijkstra Algorithm: 0.45
Formulation time (on reduced graph): 0.71
Total time: 1.16
Gap: 0.007543103448275862
Removed nodes percentage: 91.7
Removed arcs percentage: 93.66666666666667