Path
  - source node: 1
  - destination node: 10000
  - path: [1, 2, 3, 103, 104, 105, 106, 206, 207, 208, 209, 309, 310, 311, 411, 511, 512, 513, 514, 614, 615, 715, 815, 816, 817, 818, 918, 1018, 1118, 1218, 1219, 1220, 1221, 1222, 1223, 1224, 1225, 1226, 1227, 1327, 1427, 1527, 1627, 1628, 1629, 1630, 1730, 1731, 1631, 1632, 1633, 1634, 1635, 1735, 1736, 1836, 1936, 2036, 2037, 2038, 2039, 2139, 2140, 2141, 2241, 2242, 2243, 2343, 2443, 2543, 2643, 2743, 2843, 2943, 2944, 3044, 3144, 3244, 3245, 3246, 3247, 3347, 3447, 3547, 3647, 3747, 3748, 3848, 3948, 4048, 4049, 4050, 4051, 4151, 4152, 4252, 4352, 4452, 4552, 4652, 4653, 4753, 4853, 4953, 4954, 5054, 5055, 5056, 5156, 5157, 5257, 5258, 5259, 5260, 5261, 5262, 5263, 5363, 5463, 5464, 5465, 5565, 5665, 5666, 5766, 5767, 5867, 5868, 5869, 5870, 5871, 5872, 5873, 5874, 5875, 5975, 5976, 5977, 6077, 6177, 6178, 6179, 6279, 6280, 6380, 6381, 6481, 6482, 6582, 6583, 6683, 6684, 6685, 6785, 6885, 6886, 6887, 6987, 7087, 7187, 7287, 7387, 7487, 7587, 7687, 7787, 7887, 7987, 8087, 8088, 8089, 8090, 8190, 8191, 8291, 8292, 8392, 8492, 8592, 8692, 8792, 8892, 8992, 9092, 9192, 9193, 9293, 9393, 9394, 9494, 9594, 9694, 9794, 9894, 9895, 9896, 9897, 9898, 9998, 9999, 10000]
  - number of used nodes: 201
  - cost: 6283
Colours
  - colours: [0, 4, 6, 7, 23, 25, 32, 36, 41, 51, 52, 56, 59, 69, 71, 76, 78, 80, 81, 82, 83, 84, 85, 86, 89, 93, 94, 95, 96, 100, 101, 106, 108, 112, 114, 117, 118, 120, 122, 123, 124, 127, 129, 132, 133, 135, 136, 140, 141, 143, 145, 147, 150, 152, 153, 155, 160, 161, 162, 170, 174, 176, 177, 179, 182, 183, 190, 194, 195, 200, 202, 203, 206, 212, 213, 218, 219, 226, 227, 230, 234, 240, 241, 242, 244, 250, 253, 256, 263, 268, 270, 273, 274, 275, 276, 279, 281, 284, 285, 287, 288, 289, 292, 295, 296, 298, 299, 303, 304, 306, 307, 311, 312, 317, 320, 321, 322, 323, 325, 328, 331, 332, 333, 334, 335, 337, 339, 341, 342, 343, 345, 347, 350, 353, 354, 355, 357, 360, 364, 367, 368, 370, 373, 376, 382, 392, 394]
  - number of used colours: 147
Time Colour Constrained Dijkstra Algorithm: 0.34
Formulation time (on reduced graph): 0.54
Total time: 0.88
Gap: 0.23873945567404106
Removed nodes percentage: 92.11
Removed arcs percentage: 93.97474747474747