Path
  - source node: 1
  - destination node: 10000
  - path: [1, 101, 201, 202, 203, 303, 304, 305, 405, 505, 605, 606, 706, 806, 906, 907, 1007, 1008, 1009, 1109, 1209, 1210, 1211, 1212, 1213, 1214, 1215, 1216, 1316, 1416, 1415, 1515, 1615, 1715, 1815, 1816, 1817, 1917, 1918, 2018, 2118, 2218, 2219, 2220, 2221, 2222, 2322, 2323, 2423, 2523, 2524, 2525, 2526, 2626, 2627, 2727, 2827, 2927, 2928, 2929, 2930, 2931, 3031, 3131, 3132, 3232, 3233, 3333, 3433, 3533, 3633, 3733, 3833, 3933, 3934, 4034, 4035, 4135, 4235, 4236, 4237, 4238, 4239, 4339, 4439, 4440, 4540, 4640, 4740, 4741, 4742, 4743, 4744, 4745, 4746, 4846, 4946, 4947, 4948, 4949, 4950, 4951, 4952, 4953, 5053, 5153, 5253, 5353, 5354, 5355, 5356, 5357, 5457, 5458, 5558, 5559, 5659, 5660, 5760, 5860, 5861, 5961, 5962, 5963, 5964, 5965, 5966, 6066, 6166, 6266, 6267, 6268, 6368, 6369, 6469, 6470, 6570, 6670, 6770, 6870, 6970, 7070, 7170, 7171, 7271, 7371, 7471, 7571, 7671, 7771, 7871, 7872, 7873, 7874, 7875, 7876, 7976, 8076, 8077, 8177, 8178, 8179, 8180, 8280, 8281, 8282, 8283, 8383, 8483, 8583, 8584, 8585, 8586, 8587, 8588, 8589, 8489, 8490, 8491, 8591, 8691, 8692, 8693, 8694, 8794, 8795, 8796, 8797, 8798, 8898, 8899, 8999, 9000, 9100, 9200, 9199, 9299, 9399, 9499, 9599, 9699, 9799, 9899, 9900, 10000]
  - number of used nodes: 205
  - cost: 6206
Colours
  - colours: {1, 2, 4, 5, 8, 11, 12, 13, 14, 17, 20, 23, 28, 29, 34, 39, 41, 48, 51, 53, 57, 58, 63, 65, 69, 70, 71, 74, 75, 76, 79, 80, 81, 84, 86, 89, 91, 92, 94, 96, 97, 98, 99, 106, 115, 116, 119, 120, 122, 124, 126, 127, 128, 137, 144, 145, 146, 152, 153, 155, 158, 160, 161, 162, 163, 164, 167, 168, 170, 171, 177, 179, 181, 185, 186, 188, 193, 195, 197, 198, 199, 200, 202, 205, 207, 220, 221, 223, 226, 228, 230, 232, 233, 238, 239, 244, 248, 251, 252, 253, 255, 258, 261, 270, 271, 272, 274, 277, 278, 280, 282, 283, 289, 292, 293, 294, 295, 296, 299, 301, 307, 309, 312, 315, 317, 320, 330, 332, 336, 338, 339, 340, 341, 342, 344, 351, 354, 360, 361, 362, 364, 365, 366, 368, 369, 371, 373, 376, 377, 378, 380, 382, 386, 389, 391}
  - number of used colours: 155
Time Colour Constrained Dijkstra Algorithm: 0.03
Time Reduction Algorithm: 0
Time Formulation: 0
Total time: 0.03
Gap: 0
Removed nodes percentage: -1
Removed arcs percentage: -1
More Removed arcs percentage: -1


=================================================================================
Time complete formulation: 16.66
Path
  - source node: 1
  - destination node: 10000
  - path: [1, 101, 201, 202, 203, 303, 304, 305, 405, 505, 605, 606, 706, 806, 906, 907, 1007, 1008, 1009, 1109, 1209, 1210, 1211, 1212, 1213, 1214, 1215, 1216, 1316, 1416, 1415, 1515, 1615, 1715, 1815, 1816, 1817, 1917, 1918, 2018, 2118, 2218, 2219, 2220, 2221, 2222, 2322, 2323, 2423, 2523, 2524, 2525, 2526, 2626, 2627, 2727, 2827, 2927, 2928, 2929, 2930, 2931, 3031, 3131, 3132, 3232, 3233, 3333, 3433, 3533, 3633, 3733, 3833, 3933, 3934, 4034, 4035, 4135, 4235, 4236, 4237, 4238, 4239, 4339, 4439, 4440, 4540, 4640, 4740, 4741, 4742, 4743, 4744, 4745, 4746, 4846, 4946, 4947, 4948, 4949, 4950, 4951, 4952, 4953, 5053, 5153, 5253, 5353, 5354, 5355, 5356, 5357, 5457, 5458, 5558, 5559, 5659, 5660, 5760, 5860, 5861, 5961, 5962, 5963, 5964, 5965, 5966, 6066, 6166, 6266, 6267, 6268, 6368, 6369, 6469, 6470, 6570, 6670, 6770, 6870, 6970, 7070, 7170, 7171, 7271, 7371, 7471, 7571, 7671, 7771, 7871, 7872, 7873, 7874, 7875, 7876, 7976, 8076, 8077, 8177, 8178, 8179, 8180, 8280, 8281, 8282, 8283, 8383, 8483, 8583, 8584, 8585, 8586, 8587, 8588, 8589, 8489, 8490, 8491, 8591, 8691, 8692, 8693, 8694, 8794, 8795, 8796, 8797, 8798, 8898, 8899, 8999, 9000, 9100, 9200, 9199, 9299, 9399, 9499, 9599, 9699, 9799, 9899, 9900, 10000]
  - number of used nodes: 205
  - cost: 6206
Colours
  - colours: [1, 2, 4, 5, 8, 11, 12, 13, 14, 17, 20, 23, 28, 29, 34, 39, 41, 48, 51, 53, 57, 58, 63, 65, 69, 70, 71, 74, 75, 76, 79, 80, 81, 84, 86, 89, 91, 92, 94, 96, 97, 98, 99, 106, 115, 116, 119, 120, 122, 124, 126, 127, 128, 137, 144, 145, 146, 152, 153, 155, 158, 160, 161, 162, 163, 164, 167, 168, 170, 171, 177, 179, 181, 185, 186, 188, 193, 195, 197, 198, 199, 200, 202, 205, 207, 220, 221, 223, 226, 228, 230, 232, 233, 238, 239, 244, 248, 251, 252, 253, 255, 258, 261, 270, 271, 272, 274, 277, 278, 280, 282, 283, 289, 292, 293, 294, 295, 296, 299, 301, 307, 309, 312, 315, 317, 320, 330, 332, 336, 338, 339, 340, 341, 342, 344, 351, 354, 360, 361, 362, 364, 365, 366, 368, 369, 371, 373, 376, 377, 378, 380, 382, 386, 389, 391]
  - number of used colours: 155