Path
  - source node: 1
  - destination node: 10000
  - path: [1, 101, 102, 103, 104, 105, 205, 206, 207, 208, 209, 210, 211, 212, 213, 214, 314, 315, 415, 515, 615, 715, 716, 816, 817, 917, 918, 1018, 1118, 1119, 1120, 1121, 1122, 1222, 1322, 1422, 1522, 1523, 1524, 1525, 1625, 1725, 1825, 1925, 2025, 2026, 2126, 2226, 2227, 2228, 2229, 2329, 2429, 2430, 2431, 2531, 2631, 2632, 2633, 2733, 2833, 2933, 3033, 3133, 3134, 3135, 3235, 3335, 3435, 3535, 3635, 3735, 3736, 3836, 3936, 4036, 4136, 4236, 4336, 4337, 4338, 4438, 4538, 4638, 4639, 4640, 4740, 4840, 4940, 5040, 5041, 5141, 5241, 5341, 5441, 5541, 5641, 5741, 5742, 5842, 5942, 6042, 6142, 6143, 6243, 6244, 6344, 6345, 6445, 6446, 6546, 6646, 6647, 6747, 6748, 6848, 6948, 6949, 6950, 6951, 6952, 6953, 6954, 6955, 6956, 6957, 7057, 7058, 7059, 7060, 7160, 7161, 7261, 7262, 7362, 7462, 7562, 7563, 7663, 7664, 7665, 7765, 7766, 7767, 7867, 7868, 7869, 7870, 7871, 7872, 7972, 8072, 8073, 8173, 8174, 8175, 8176, 8276, 8277, 8278, 8378, 8379, 8380, 8480, 8481, 8581, 8582, 8682, 8782, 8783, 8784, 8884, 8885, 8886, 8986, 8987, 9087, 9088, 9188, 9189, 9190, 9191, 9291, 9292, 9293, 9393, 9493, 9593, 9594, 9694, 9794, 9795, 9796, 9797, 9897, 9997, 9998, 9999, 10000]
  - number of used nodes: 199
  - cost: 6433
Colours
  - colours: {8, 13, 14, 15, 25, 30, 31, 36, 37, 40, 42, 45, 46, 48, 54, 55, 58, 59, 61, 63, 66, 68, 71, 74, 77, 79, 81, 83, 87, 91, 92, 95, 97, 101, 102, 106, 107, 111, 115, 118, 120, 123, 131, 132, 134, 135, 137, 143, 146, 148, 149, 159, 160, 163, 164, 165, 168, 170, 173, 177, 178, 185, 186, 188, 191, 193, 197, 199, 200, 201, 202, 204, 205, 209, 211, 215, 218, 219, 222, 224, 225, 226, 228, 229, 234, 235, 237, 239, 248, 251, 253, 254, 255, 257, 259, 268, 271, 275, 277, 280, 282, 284, 285, 287, 288, 293, 295, 298, 301, 302, 303, 305, 308, 309, 314, 318, 319, 322, 326, 330, 331, 332, 333, 336, 339, 340, 341, 342, 346, 347, 352, 353, 357, 361, 363, 366, 373, 374, 375, 377, 379, 381, 383, 387, 390, 391, 395}
  - number of used colours: 147
Time Colour Constrained Dijkstra Algorithm: 0.1
Formulation time (on reduced graph): 0.0
Total time: 0.1
Gap: 0
Removed nodes percentage: -1
Removed arcs percentage: -1