Path
  - source node: 1
  - destination node: 10000
  - path: [1, 2, 3, 103, 203, 303, 403, 404, 504, 604, 704, 804, 904, 905, 906, 1006, 1007, 1107, 1207, 1208, 1308, 1408, 1508, 1509, 1510, 1511, 1611, 1612, 1712, 1812, 1912, 2012, 2112, 2113, 2114, 2214, 2215, 2315, 2415, 2416, 2516, 2517, 2518, 2618, 2619, 2620, 2621, 2721, 2821, 2921, 2920, 3020, 3120, 3121, 3122, 3222, 3322, 3323, 3423, 3424, 3425, 3426, 3427, 3428, 3429, 3529, 3530, 3531, 3532, 3632, 3633, 3733, 3833, 3933, 3934, 4034, 4134, 4234, 4235, 4236, 4336, 4337, 4338, 4339, 4340, 4341, 4342, 4343, 4344, 4345, 4346, 4347, 4447, 4448, 4449, 4549, 4550, 4650, 4651, 4652, 4752, 4852, 4952, 5052, 5152, 5153, 5253, 5254, 5255, 5256, 5257, 5258, 5259, 5260, 5360, 5460, 5461, 5561, 5661, 5761, 5861, 5862, 5863, 5763, 5764, 5765, 5766, 5866, 5966, 5967, 6067, 6068, 6069, 6169, 6269, 6270, 6370, 6470, 6471, 6571, 6572, 6672, 6673, 6674, 6675, 6676, 6776, 6777, 6877, 6878, 6978, 6979, 6980, 7080, 7180, 7181, 7281, 7282, 7382, 7482, 7582, 7682, 7782, 7783, 7883, 7983, 7984, 7985, 8085, 8185, 8285, 8286, 8386, 8387, 8487, 8587, 8588, 8589, 8689, 8789, 8790, 8890, 8891, 8991, 8992, 8993, 8994, 8995, 9095, 9195, 9196, 9296, 9297, 9397, 9497, 9597, 9598, 9698, 9798, 9799, 9899, 9900, 10000]
  - number of used nodes: 203
  - cost: 6200
Colours
  - colours: {0, 8, 9, 10, 13, 14, 16, 17, 23, 28, 31, 32, 33, 35, 41, 42, 43, 44, 46, 49, 50, 52, 53, 54, 55, 56, 57, 58, 60, 61, 63, 66, 73, 77, 79, 87, 88, 89, 92, 95, 96, 97, 99, 101, 105, 106, 107, 111, 113, 114, 116, 122, 123, 126, 127, 129, 131, 132, 135, 136, 139, 141, 151, 154, 158, 161, 163, 171, 178, 191, 193, 196, 197, 198, 199, 201, 202, 203, 208, 210, 211, 212, 216, 222, 230, 232, 234, 237, 238, 243, 246, 249, 251, 252, 253, 261, 264, 265, 268, 269, 271, 273, 274, 275, 276, 279, 282, 289, 291, 293, 294, 295, 296, 297, 300, 302, 304, 308, 309, 317, 319, 322, 323, 324, 326, 327, 329, 334, 335, 336, 338, 339, 340, 341, 354, 356, 358, 360, 361, 365, 366, 367, 373, 374, 375, 377, 378, 382, 384, 387, 388, 390, 391, 392}
  - number of used colours: 154
Time Colour Constrained Dijkstra Algorithm: 0.04
Time Reduction Algorithm: 0
Time Formulation: 0
Total time: 0.04
Gap: 0
Removed nodes percentage: -1
Removed arcs percentage: -1
More Removed arcs percentage: -1