Path
  - source node: 1
  - destination node: 10000
  - path: [1, 2, 3, 103, 104, 105, 106, 206, 207, 208, 308, 408, 508, 608, 609, 610, 611, 711, 811, 911, 1011, 1111, 1112, 1113, 1114, 1115, 1116, 1216, 1217, 1317, 1417, 1517, 1518, 1618, 1718, 1719, 1720, 1820, 1920, 2020, 2021, 2022, 2023, 2024, 2025, 2026, 2027, 2028, 2128, 2228, 2229, 2230, 2231, 2331, 2431, 2432, 2433, 2434, 2435, 2535, 2635, 2735, 2736, 2836, 2837, 2937, 3037, 3137, 3138, 3238, 3338, 3339, 3340, 3341, 3342, 3442, 3542, 3543, 3544, 3545, 3546, 3547, 3647, 3747, 3748, 3848, 3948, 4048, 4049, 4050, 4051, 4151, 4152, 4252, 4352, 4452, 4552, 4652, 4653, 4753, 4853, 4953, 4954, 5054, 5055, 5056, 5156, 5157, 5257, 5258, 5259, 5260, 5261, 5262, 5263, 5363, 5463, 5464, 5465, 5565, 5665, 5666, 5766, 5767, 5867, 5868, 5869, 5870, 5871, 5872, 5873, 5874, 5875, 5975, 5976, 5977, 6077, 6177, 6178, 6179, 6279, 6280, 6380, 6381, 6481, 6482, 6582, 6583, 6683, 6684, 6685, 6785, 6885, 6886, 6887, 6987, 7087, 7187, 7287, 7387, 7487, 7587, 7687, 7787, 7887, 7987, 8087, 8088, 8089, 8090, 8190, 8191, 8291, 8292, 8392, 8492, 8592, 8692, 8792, 8892, 8992, 9092, 9192, 9193, 9293, 9393, 9394, 9494, 9594, 9694, 9794, 9894, 9895, 9896, 9897, 9898, 9998, 9999, 10000]
  - number of used nodes: 199
  - cost: 6238
Colours
  - colours: {512, 3586, 6147, 6662, 519, 9, 5131, 1529, 1038, 2582, 25, 4124, 1565, 3102, 1056, 7200, 5154, 6693, 3111, 7724, 7215, 7729, 5683, 5689, 6713, 3648, 5698, 70, 5711, 3663, 4687, 1618, 4189, 2658, 6247, 6248, 4201, 7280, 1648, 2162, 629, 3707, 124, 5758, 1665, 3202, 5765, 7306, 5770, 6284, 2701, 6797, 143, 7825, 5272, 3228, 4252, 3229, 3231, 7328, 1185, 5794, 2725, 7338, 2734, 1715, 5300, 5811, 1718, 3256, 1720, 2746, 7354, 7361, 5313, 5825, 6654, 2248, 4300, 4814, 2255, 4306, 6867, 3800, 7898, 6877, 5856, 4833, 5858, 2280, 4849, 5363, 1782, 2295, 2808, 2296, 4352, 7425, 6916, 2824, 4880, 2832, 4881, 4373, 278, 3353, 5916, 5408, 2342, 6953, 6442, 5930, 3883, 1838, 3892, 7479, 312, 6975, 5440, 3903, 6467, 3908, 1861, 842, 6988, 3405, 2898, 3929, 7005, 5470, 2400, 2913, 1382, 2919, 7526, 1897, 5484, 5998, 4464, 2417, 5490, 6519, 1917, 1926, 6023, 2953, 4492, 913, 1426, 5014, 2455, 7064, 2457, 5530, 411, 6555, 2461, 3486, 1959, 7079, 4521, 4013, 6066, 6579, 948, 2485, 2489, 6080, 4546, 3522, 5060, 3013, 4037, 7113, 1997, 4046, 464, 4050, 5076, 5077, 469, 2009, 7644, 3037, 3040, 3555, 5093, 1002, 6634, 6637, 5618, 6135, 5625, 3067, 3068, 2046, 1023}
  - number of used colours: 197
Time Colour Constrained Dijkstra Algorithm: 0.04
Time Reduction Algorithm: 0
Time Formulation: 0
Total time: 0.04
Gap: 0
Removed nodes percentage: -1
Removed arcs percentage: -1
More Removed arcs percentage: -1
=================================================================================
Time complete formulation: 15.1
Path
  - source node: 1
  - destination node: 10000
  - path: [1, 2, 3, 103, 104, 105, 106, 206, 207, 208, 308, 408, 508, 608, 609, 610, 611, 711, 811, 911, 1011, 1111, 1112, 1113, 1114, 1115, 1116, 1216, 1217, 1317, 1417, 1517, 1518, 1618, 1718, 1719, 1720, 1820, 1920, 2020, 2021, 2022, 2023, 2024, 2025, 2026, 2027, 2028, 2128, 2228, 2229, 2230, 2231, 2331, 2431, 2432, 2433, 2434, 2435, 2535, 2635, 2735, 2736, 2836, 2837, 2937, 3037, 3137, 3138, 3238, 3338, 3339, 3340, 3341, 3342, 3442, 3542, 3543, 3544, 3545, 3546, 3547, 3647, 3747, 3748, 3848, 3948, 4048, 4049, 4050, 4051, 4151, 4152, 4252, 4352, 4452, 4552, 4652, 4653, 4753, 4853, 4953, 4954, 5054, 5055, 5056, 5156, 5157, 5257, 5258, 5259, 5260, 5261, 5262, 5263, 5363, 5463, 5464, 5465, 5565, 5665, 5666, 5766, 5767, 5867, 5868, 5869, 5870, 5871, 5872, 5873, 5874, 5875, 5975, 5976, 5977, 6077, 6177, 6178, 6179, 6279, 6280, 6380, 6381, 6481, 6482, 6582, 6583, 6683, 6684, 6685, 6785, 6885, 6886, 6887, 6987, 7087, 7187, 7287, 7387, 7487, 7587, 7687, 7787, 7887, 7987, 8087, 8088, 8089, 8090, 8190, 8191, 8291, 8292, 8392, 8492, 8592, 8692, 8792, 8892, 8992, 9092, 9192, 9193, 9293, 9393, 9394, 9494, 9594, 9694, 9794, 9894, 9895, 9896, 9897, 9898, 9998, 9999, 10000]
  - number of used nodes: 199
  - cost: 6238
Colours
  - colours: [9, 25, 70, 124, 143, 278, 312, 411, 464, 469, 512, 519, 629, 842, 913, 948, 1002, 1023, 1038, 1056, 1185, 1382, 1426, 1529, 1565, 1618, 1648, 1665, 1715, 1718, 1720, 1782, 1838, 1861, 1897, 1917, 1926, 1959, 1997, 2009, 2046, 2162, 2248, 2255, 2280, 2295, 2296, 2342, 2400, 2417, 2455, 2457, 2461, 2485, 2489, 2582, 2658, 2701, 2725, 2734, 2746, 2808, 2824, 2832, 2898, 2913, 2919, 2953, 3013, 3037, 3040, 3067, 3068, 3102, 3111, 3202, 3228, 3229, 3231, 3256, 3353, 3405, 3486, 3522, 3555, 3586, 3648, 3663, 3707, 3800, 3883, 3892, 3903, 3908, 3929, 4013, 4037, 4046, 4050, 4124, 4189, 4201, 4252, 4300, 4306, 4352, 4373, 4464, 4492, 4521, 4546, 4687, 4814, 4833, 4849, 4880, 4881, 5014, 5060, 5076, 5077, 5093, 5131, 5154, 5272, 5300, 5313, 5363, 5408, 5440, 5470, 5484, 5490, 5530, 5618, 5625, 5683, 5689, 5698, 5711, 5758, 5765, 5770, 5794, 5811, 5825, 5856, 5858, 5916, 5930, 5998, 6023, 6066, 6080, 6135, 6147, 6247, 6248, 6284, 6442, 6467, 6519, 6555, 6579, 6634, 6637, 6654, 6662, 6693, 6713, 6797, 6867, 6877, 6916, 6953, 6975, 6988, 7005, 7064, 7079, 7113, 7200, 7215, 7280, 7306, 7328, 7338, 7354, 7361, 7425, 7479, 7526, 7644, 7724, 7729, 7825, 7898]
  - number of used colours: 197


RILP Time NO EXTRA REDUCTION: 0.04
