Path
  - source node: 1
  - destination node: 10000
  - path: [1, 2, 3, 103, 203, 303, 403, 404, 504, 604, 704, 804, 904, 905, 906, 1006, 1007, 1107, 1207, 1208, 1308, 1408, 1508, 1509, 1510, 1511, 1611, 1612, 1712, 1812, 1912, 2012, 2112, 2113, 2114, 2214, 2215, 2315, 2415, 2416, 2516, 2517, 2518, 2618, 2619, 2620, 2621, 2721, 2821, 2921, 2920, 3020, 3120, 3121, 3122, 3222, 3322, 3323, 3423, 3424, 3425, 3426, 3427, 3428, 3429, 3529, 3530, 3531, 3532, 3632, 3633, 3733, 3833, 3933, 3934, 4034, 4134, 4234, 4235, 4236, 4336, 4337, 4338, 4339, 4340, 4341, 4342, 4343, 4344, 4345, 4346, 4347, 4447, 4448, 4449, 4549, 4550, 4650, 4651, 4652, 4752, 4852, 4952, 5052, 5152, 5153, 5253, 5254, 5255, 5256, 5257, 5258, 5259, 5260, 5360, 5460, 5461, 5561, 5661, 5761, 5861, 5862, 5863, 5763, 5764, 5765, 5766, 5866, 5966, 5967, 6067, 6068, 6069, 6169, 6269, 6270, 6370, 6470, 6471, 6571, 6572, 6672, 6673, 6674, 6675, 6676, 6776, 6777, 6877, 6878, 6978, 6979, 6980, 7080, 7180, 7181, 7281, 7282, 7382, 7482, 7582, 7682, 7782, 7783, 7883, 7983, 7984, 7985, 8085, 8185, 8285, 8286, 8386, 8387, 8487, 8587, 8588, 8589, 8689, 8789, 8790, 8890, 8891, 8991, 8992, 8993, 8994, 8995, 9095, 9195, 9196, 9296, 9297, 9397, 9497, 9597, 9598, 9698, 9798, 9799, 9899, 9900, 10000]
  - number of used nodes: 203
  - cost: 6200
Colours
  - colours: {7172, 5, 7685, 4616, 5640, 10, 1040, 1554, 6163, 3094, 6169, 2587, 6174, 4641, 1058, 7203, 6181, 6182, 6697, 561, 6706, 1076, 7221, 6197, 1595, 579, 1092, 2117, 2636, 4174, 7759, 4688, 6739, 1108, 4694, 7767, 2650, 3163, 2138, 2656, 2148, 1135, 5231, 4210, 1145, 634, 6779, 7807, 6785, 7809, 4228, 4742, 7820, 1166, 655, 7316, 2709, 3220, 4760, 7324, 4255, 6816, 3233, 5794, 5282, 679, 2729, 7854, 6831, 176, 6832, 1205, 7350, 5304, 5306, 2234, 5827, 3268, 196, 6342, 6344, 712, 714, 201, 209, 1234, 6355, 1748, 2782, 1761, 4322, 1762, 2278, 2284, 4336, 3825, 5874, 6389, 5880, 1784, 1273, 1787, 4860, 5372, 260, 2834, 5395, 5908, 2836, 5910, 279, 2325, 3878, 295, 5930, 1330, 7477, 5941, 5432, 6458, 1853, 320, 835, 4934, 7497, 6478, 848, 7511, 856, 6495, 3936, 4452, 5478, 3431, 359, 3947, 875, 5490, 7548, 7549, 5502, 6527, 6016, 1919, 3970, 899, 7556, 4997, 5510, 3977, 6543, 3984, 2447, 7567, 1939, 5519, 1940, 5526, 2455, 3993, 5020, 926, 5536, 2467, 932, 1956, 2470, 6059, 7084, 1465, 5052, 4033, 5059, 6596, 1987, 5064, 6094, 3027, 471, 985, 4058, 5595, 7642, 2525, 7136, 7651, 4070, 2022, 2024, 1001, 2544, 2034, 3570, 1018, 4604}
  - number of used colours: 195
Time Colour Constrained Dijkstra Algorithm: 0.04
Time Reduction Algorithm: 0
Time Formulation: 0
Total time: 0.04
Gap: 0
Removed nodes percentage: -1
Removed arcs percentage: -1
More Removed arcs percentage: -1
=================================================================================
Time complete formulation: 16.01
Path
  - source node: 1
  - destination node: 10000
  - path: [1, 2, 3, 103, 203, 303, 403, 404, 504, 604, 704, 804, 904, 905, 906, 1006, 1007, 1107, 1207, 1208, 1308, 1408, 1508, 1509, 1510, 1511, 1611, 1612, 1712, 1812, 1912, 2012, 2112, 2113, 2114, 2214, 2215, 2315, 2415, 2416, 2516, 2517, 2518, 2618, 2619, 2620, 2621, 2721, 2821, 2921, 2920, 3020, 3120, 3121, 3122, 3222, 3322, 3323, 3423, 3424, 3425, 3426, 3427, 3428, 3429, 3529, 3530, 3531, 3532, 3632, 3633, 3733, 3833, 3933, 3934, 4034, 4134, 4234, 4235, 4236, 4336, 4337, 4338, 4339, 4340, 4341, 4342, 4343, 4344, 4345, 4346, 4347, 4447, 4448, 4449, 4549, 4550, 4650, 4651, 4652, 4752, 4852, 4952, 5052, 5152, 5153, 5253, 5254, 5255, 5256, 5257, 5258, 5259, 5260, 5360, 5460, 5461, 5561, 5661, 5761, 5861, 5862, 5863, 5763, 5764, 5765, 5766, 5866, 5966, 5967, 6067, 6068, 6069, 6169, 6269, 6270, 6370, 6470, 6471, 6571, 6572, 6672, 6673, 6674, 6675, 6676, 6776, 6777, 6877, 6878, 6978, 6979, 6980, 7080, 7180, 7181, 7281, 7282, 7382, 7482, 7582, 7682, 7782, 7783, 7883, 7983, 7984, 7985, 8085, 8185, 8285, 8286, 8386, 8387, 8487, 8587, 8588, 8589, 8689, 8789, 8790, 8890, 8891, 8991, 8992, 8993, 8994, 8995, 9095, 9195, 9196, 9296, 9297, 9397, 9497, 9597, 9598, 9698, 9798, 9799, 9899, 9900, 10000]
  - number of used nodes: 203
  - cost: 6200
Colours
  - colours: [5, 10, 176, 196, 201, 209, 260, 279, 295, 320, 359, 471, 561, 579, 634, 655, 679, 712, 714, 835, 848, 856, 875, 899, 926, 932, 985, 1001, 1018, 1040, 1058, 1076, 1092, 1108, 1135, 1145, 1166, 1205, 1234, 1273, 1330, 1465, 1554, 1595, 1748, 1761, 1762, 1784, 1787, 1853, 1919, 1939, 1940, 1956, 1987, 2022, 2024, 2034, 2117, 2138, 2148, 2234, 2278, 2284, 2325, 2447, 2455, 2467, 2470, 2525, 2544, 2587, 2636, 2650, 2656, 2709, 2729, 2782, 2834, 2836, 3027, 3094, 3163, 3220, 3233, 3268, 3431, 3570, 3825, 3878, 3936, 3947, 3970, 3977, 3984, 3993, 4033, 4058, 4070, 4174, 4210, 4228, 4255, 4322, 4336, 4452, 4604, 4616, 4641, 4688, 4694, 4742, 4760, 4860, 4934, 4997, 5020, 5052, 5059, 5064, 5231, 5282, 5304, 5306, 5372, 5395, 5432, 5478, 5490, 5502, 5510, 5519, 5526, 5536, 5595, 5640, 5794, 5827, 5874, 5880, 5908, 5910, 5930, 5941, 6016, 6059, 6094, 6163, 6169, 6174, 6181, 6182, 6197, 6342, 6344, 6355, 6389, 6458, 6478, 6495, 6527, 6543, 6596, 6697, 6706, 6739, 6779, 6785, 6816, 6831, 6832, 7084, 7136, 7172, 7203, 7221, 7316, 7324, 7350, 7477, 7497, 7511, 7548, 7549, 7556, 7567, 7642, 7651, 7685, 7759, 7767, 7807, 7809, 7820, 7854]
  - number of used colours: 195