Path
  - source node: 1
  - destination node: 10000
  - path: [1, 101, 102, 103, 104, 105, 205, 206, 207, 208, 209, 210, 211, 212, 213, 214, 314, 315, 415, 515, 615, 715, 716, 816, 817, 917, 918, 1018, 1118, 1119, 1120, 1121, 1122, 1222, 1322, 1422, 1522, 1523, 1524, 1525, 1625, 1725, 1825, 1925, 2025, 2026, 2126, 2226, 2227, 2228, 2229, 2329, 2429, 2430, 2431, 2531, 2631, 2632, 2633, 2733, 2833, 2933, 3033, 3133, 3134, 3135, 3235, 3335, 3435, 3535, 3635, 3735, 3736, 3836, 3936, 4036, 4136, 4236, 4336, 4337, 4338, 4438, 4538, 4638, 4639, 4640, 4740, 4840, 4940, 5040, 5041, 5141, 5241, 5341, 5441, 5541, 5641, 5741, 5742, 5842, 5942, 6042, 6142, 6143, 6243, 6244, 6344, 6345, 6445, 6446, 6546, 6646, 6647, 6747, 6748, 6848, 6948, 6949, 6950, 6951, 6952, 6953, 6954, 6955, 6956, 6957, 7057, 7058, 7059, 7060, 7160, 7161, 7261, 7262, 7362, 7462, 7562, 7563, 7663, 7664, 7665, 7765, 7766, 7767, 7867, 7868, 7869, 7870, 7871, 7872, 7972, 8072, 8073, 8173, 8174, 8175, 8176, 8276, 8277, 8278, 8378, 8379, 8380, 8480, 8481, 8581, 8582, 8682, 8683, 8684, 8784, 8884, 8885, 8886, 8986, 8987, 9087, 9088, 9188, 9189, 9190, 9191, 9291, 9292, 9293, 9393, 9493, 9593, 9594, 9694, 9794, 9795, 9796, 9797, 9897, 9997, 9998, 9999, 10000]
  - number of used nodes: 199
  - cost: 6437
Colours
  - colours: [1540, 6662, 4117, 5655, 5145, 6170, 6189, 6190, 5680, 1589, 2624, 7746, 7235, 2630, 5703, 1096, 2121, 6730, 2120, 4683, 5198, 4687, 2646, 2647, 1624, 1113, 7260, 4701, 4704, 2145, 4192, 617, 3183, 623, 5752, 2683, 4220, 3710, 3199, 3198, 3200, 1667, 6788, 2693, 7815, 6280, 3720, 5771, 3212, 1162, 7823, 6802, 6806, 2711, 5118, 4759, 6810, 1183, 7327, 1188, 1190, 2221, 6831, 177, 2226, 3762, 6842, 2748, 4798, 3266, 1220, 1230, 4303, 4312, 3291, 1755, 731, 7902, 7907, 744, 7914, 6378, 6382, 1263, 5360, 3313, 3826, 5362, 3824, 6392, 2300, 2301, 2308, 6925, 4367, 278, 5911, 6937, 1822, 4383, 3360, 289, 5918, 803, 3364, 3363, 3879, 1321, 6441, 1323, 6956, 2860, 5420, 7472, 1848, 318, 5438, 2367, 7491, 2375, 842, 7507, 1363, 3413, 5978, 7517, 4960, 4450, 2406, 2921, 4971, 2413, 3955, 3956, 7540, 1910, 6530, 7049, 4491, 3469, 5518, 6032, 2961, 915, 1427, 7062, 1944, 4505, 3996, 6046, 929, 7587, 2977, 2981, 4518, 5543, 2984, 4004, 5028, 6052, 2476, 6067, 4536, 6073, 6072, 4029, 7620, 1482, 975, 5077, 6613, 3544, 6103, 4055, 4568, 5087, 6625, 7140, 3558, 4583, 7661, 2030, 3566, 6638, 5618, 4083, 3572, 2034, 503, 5113, 7675, 2045, 6654]
  - number of used colours: 193
Time Colour Constrained Dijkstra Algorithm: 0.11
Total time: 0.16
Gap: 0.0
Removed nodes percentage: 97.85000000000001
Removed arcs percentage: 98.83838383838383