Path
  - source node: 1
  - destination node: 10000
  - path: [1, 101, 201, 301, 401, 501, 502, 602, 702, 703, 803, 804, 904, 1004, 1104, 1204, 1304, 1404, 1405, 1505, 1605, 1705, 1805, 1806, 1807, 1907, 2007, 2107, 2207, 2307, 2407, 2408, 2508, 2509, 2609, 2610, 2710, 2711, 2712, 2713, 2714, 2715, 2716, 2717, 2718, 2719, 2720, 2820, 2821, 2921, 3021, 3121, 3221, 3321, 3421, 3521, 3522, 3622, 3722, 3822, 3823, 3923, 4023, 4123, 4124, 4224, 4324, 4325, 4326, 4426, 4427, 4428, 4528, 4529, 4530, 4531, 4532, 4632, 4732, 4733, 4734, 4735, 4736, 4737, 4738, 4838, 4938, 4939, 4940, 4941, 5041, 5141, 5241, 5341, 5342, 5442, 5542, 5642, 5643, 5743, 5843, 5844, 5944, 5945, 5946, 6046, 6047, 6147, 6247, 6347, 6447, 6547, 6548, 6549, 6649, 6650, 6750, 6850, 6950, 7050, 7150, 7151, 7152, 7153, 7154, 7155, 7156, 7157, 7257, 7258, 7259, 7359, 7360, 7460, 7461, 7462, 7562, 7563, 7663, 7664, 7665, 7666, 7667, 7668, 7669, 7769, 7869, 7870, 7970, 7971, 7972, 7973, 8073, 8173, 8273, 8274, 8374, 8375, 8475, 8575, 8576, 8676, 8776, 8876, 8976, 9076, 9077, 9078, 9079, 9080, 9081, 9181, 9182, 9183, 9184, 9185, 9186, 9187, 9188, 9189, 9190, 9191, 9192, 9193, 9293, 9393, 9493, 9593, 9594, 9595, 9596, 9696, 9697, 9698, 9798, 9799, 9899, 9900, 10000]
  - number of used nodes: 199
  - cost: 6299
Colours
  - colours: [6159, 6176, 39, 50, 2116, 2130, 84, 2137, 2155, 110, 2166, 127, 4225, 2191, 4240, 4244, 4257, 2212, 2219, 6314, 4269, 6329, 188, 190, 193, 4293, 4297, 4302, 4307, 4319, 225, 6378, 249, 2300, 256, 259, 4361, 2315, 270, 272, 2341, 4390, 6438, 4392, 323, 334, 339, 4447, 368, 2428, 4487, 394, 4515, 6594, 2500, 2523, 2541, 4592, 6642, 6658, 2563, 6670, 4624, 2590, 567, 587, 6739, 4696, 2662, 620, 4728, 2683, 6782, 2692, 663, 4783, 6847, 768, 6927, 4886, 2876, 6988, 2896, 858, 7017, 7028, 4994, 4999, 7051, 919, 5018, 2979, 7092, 2997, 3000, 3009, 3039, 3040, 5094, 3052, 3049, 5100, 1008, 1009, 3064, 3066, 5145, 7201, 3120, 5172, 1078, 3131, 1111, 1113, 1125, 7273, 7283, 3194, 1163, 3218, 3222, 3247, 7368, 5332, 5336, 7395, 5350, 5351, 1256, 3306, 7400, 3326, 3345, 3346, 1305, 1310, 5437, 3390, 7491, 7493, 1350, 1351, 1359, 3420, 7520, 7527, 3440, 5498, 7556, 3495, 1452, 5593, 1516, 5615, 3568, 5618, 5638, 3592, 7693, 7707, 5688, 1599, 7745, 1619, 3670, 3680, 3730, 3780, 7876, 5837, 5841, 1745, 5859, 1775, 1779, 5905, 1828, 5954, 3919, 1886, 1895, 1897, 6000, 1934, 1950, 4026, 4027, 4051, 4065, 6123, 4093]
  - number of used colours: 191
Time Colour Constrained Dijkstra Algorithm: 0.17
Total time: 0.34
Gap: 0.0
Removed nodes percentage: 92.72
Removed arcs percentage: 95.48989898989899