Path
  - source node: 1
  - destination node: 10000
  - path: [1, 2, 102, 103, 203, 303, 403, 503, 603, 604, 704, 705, 805, 806, 807, 907, 1007, 1107, 1108, 1109, 1110, 1111, 1112, 1212, 1312, 1313, 1314, 1315, 1316, 1317, 1318, 1418, 1419, 1420, 1421, 1422, 1423, 1424, 1425, 1426, 1526, 1626, 1726, 1826, 1827, 1927, 2027, 2127, 2227, 2327, 2427, 2428, 2528, 2628, 2728, 2729, 2829, 2830, 2930, 3030, 3031, 3032, 3033, 3034, 3035, 3036, 3037, 3137, 3237, 3337, 3437, 3537, 3538, 3638, 3738, 3838, 3938, 4038, 4138, 4238, 4239, 4339, 4439, 4539, 4540, 4640, 4740, 4741, 4841, 4842, 4843, 4943, 5043, 5143, 5243, 5244, 5245, 5345, 5346, 5446, 5546, 5646, 5647, 5747, 5748, 5848, 5948, 5949, 6049, 6149, 6150, 6151, 6152, 6252, 6352, 6353, 6453, 6454, 6554, 6555, 6556, 6557, 6558, 6658, 6758, 6759, 6859, 6860, 6861, 6862, 6962, 6963, 6964, 7064, 7164, 7264, 7364, 7365, 7366, 7367, 7467, 7567, 7568, 7569, 7669, 7670, 7770, 7771, 7772, 7773, 7774, 7775, 7776, 7876, 7976, 7977, 8077, 8177, 8277, 8377, 8378, 8478, 8578, 8579, 8679, 8779, 8879, 8880, 8881, 8882, 8883, 8983, 8984, 8985, 8986, 9086, 9087, 9088, 9089, 9090, 9091, 9191, 9291, 9391, 9491, 9492, 9493, 9593, 9594, 9694, 9794, 9795, 9796, 9797, 9798, 9799, 9800, 9900, 10000]
  - number of used nodes: 199
  - cost: 6027
Colours
  - colours: [6, 14, 112, 134, 141, 156, 165, 194, 234, 249, 320, 331, 338, 379, 422, 490, 497, 554, 555, 570, 618, 623, 676, 718, 738, 821, 825, 861, 862, 891, 923, 1065, 1087, 1128, 1134, 1138, 1153, 1214, 1250, 1323, 1328, 1348, 1439, 1486, 1624, 1647, 1684, 1686, 1728, 1886, 1894, 1901, 1922, 1956, 2016, 2206, 2242, 2303, 2325, 2360, 2370, 2404, 2418, 2426, 2491, 2493, 2607, 2632, 2644, 2656, 2703, 2706, 2712, 2789, 2806, 2855, 2866, 2981, 2999, 3086, 3095, 3114, 3135, 3169, 3232, 3234, 3281, 3312, 3334, 3341, 3383, 3438, 3442, 3510, 3538, 3571, 3572, 3589, 3639, 3657, 3727, 3746, 3773, 3832, 3864, 3872, 4014, 4054, 4095, 4167, 4170, 4175, 4198, 4264, 4321, 4387, 4393, 4427, 4525, 4546, 4568, 4602, 4642, 4749, 4818, 4837, 5009, 5010, 5016, 5086, 5140, 5188, 5256, 5271, 5298, 5339, 5396, 5414, 5424, 5461, 5535, 5570, 5599, 5614, 5719, 5961, 6069, 6078, 6105, 6124, 6134, 6158, 6400, 6403, 6470, 6477, 6486, 6542, 6576, 6598, 6646, 6668, 6688, 6754, 6790, 6795, 6803, 6868, 6875, 6881, 6898, 6929, 6962, 7013, 7025, 7130, 7194, 7275, 7286, 7288, 7381, 7431, 7447, 7475, 7496, 7520, 7547, 7549, 7572, 7672, 7720, 7771, 7804, 7820, 7848, 7856]
  - number of used colours: 196
Time Colour Constrained Dijkstra Algorithm: 0.32
Time Reduction Algorithm: 0.06
Time Formulation: 1.44
Total time: 1.82
Gap: 2.969968475194956
Removed nodes percentage: 76.95
Removed arcs percentage: 78.72727272727272
More Removed arcs percentage: 3.5612535612535634