Path
  - source node: 1
  - destination node: 10000
  - path: [1, 101, 102, 202, 302, 303, 304, 305, 306, 406, 407, 507, 508, 509, 609, 610, 611, 612, 613, 614, 615, 616, 617, 618, 619, 620, 621, 622, 623, 723, 724, 725, 726, 727, 728, 828, 928, 1028, 1128, 1228, 1229, 1329, 1429, 1529, 1530, 1531, 1631, 1632, 1633, 1733, 1732, 1832, 1833, 1834, 1934, 2034, 2035, 2036, 2136, 2236, 2237, 2238, 2338, 2339, 2439, 2440, 2441, 2541, 2542, 2642, 2742, 2743, 2843, 2844, 2944, 3044, 3045, 3046, 3146, 3246, 3346, 3446, 3447, 3547, 3548, 3549, 3550, 3551, 3651, 3652, 3752, 3753, 3754, 3755, 3756, 3757, 3758, 3759, 3859, 3860, 3960, 4060, 4061, 4161, 4162, 4163, 4164, 4165, 4265, 4365, 4465, 4466, 4467, 4468, 4469, 4569, 4570, 4670, 4770, 4870, 4970, 4971, 5071, 5171, 5271, 5272, 5372, 5472, 5473, 5573, 5673, 5773, 5873, 5874, 5974, 5975, 5976, 5977, 6077, 6078, 6178, 6179, 6180, 6181, 6281, 6381, 6382, 6482, 6582, 6583, 6584, 6585, 6685, 6686, 6786, 6886, 6986, 7086, 7186, 7187, 7287, 7387, 7487, 7587, 7588, 7688, 7689, 7789, 7889, 7989, 8089, 8189, 8289, 8290, 8390, 8490, 8590, 8690, 8691, 8692, 8693, 8694, 8695, 8795, 8895, 8896, 8996, 8997, 8998, 9098, 9198, 9298, 9398, 9498, 9598, 9599, 9699, 9700, 9800, 9900, 10000]
  - number of used nodes: 201
  - cost: 6193
Colours
  - colours: {3585, 6659, 5, 2063, 1044, 5141, 1562, 539, 1567, 5665, 546, 1569, 7204, 5674, 2095, 6192, 1072, 1586, 5170, 7219, 6197, 5174, 3639, 6711, 6706, 7738, 3131, 2108, 7231, 5183, 2626, 4679, 586, 2636, 4186, 92, 5214, 3167, 1121, 2668, 5742, 2158, 7280, 4211, 7800, 7801, 6272, 641, 4738, 646, 4233, 649, 2187, 2190, 2712, 4250, 6299, 2203, 1181, 3740, 7329, 5284, 678, 2215, 7848, 4780, 3758, 3760, 2737, 3251, 180, 2232, 3257, 7354, 4291, 195, 6342, 1229, 6863, 7888, 5841, 3282, 3281, 7383, 3799, 1754, 7394, 4839, 7400, 1767, 2282, 7917, 238, 3823, 3313, 6899, 1779, 5365, 6391, 2808, 4857, 6398, 1791, 1280, 4865, 259, 3844, 1799, 6409, 6414, 7439, 6927, 6931, 1302, 4888, 7449, 283, 1307, 796, 6942, 5915, 4896, 4898, 1316, 5925, 3878, 806, 2858, 5930, 1838, 2351, 304, 3376, 2866, 4917, 318, 4926, 322, 2885, 2374, 2889, 6477, 2895, 3924, 3412, 2390, 7005, 3423, 865, 2928, 2417, 7539, 885, 2424, 1914, 2429, 1921, 1416, 2955, 6539, 7053, 2447, 3472, 5521, 2449, 7571, 3476, 5534, 1953, 4006, 4007, 5544, 7595, 4015, 1971, 7094, 6582, 2492, 6593, 7620, 3526, 3527, 6092, 2515, 7639, 6617, 7131, 5599, 4064, 2017, 6625, 3557, 3048, 5612, 2028, 2542, 1006, 4600, 2556}
  - number of used colours: 199
Time Colour Constrained Dijkstra Algorithm: 0.04
Time Reduction Algorithm: 0
Time Formulation: 0
Total time: 0.04
Gap: 0
Removed nodes percentage: -1
Removed arcs percentage: -1
More Removed arcs percentage: -1
=================================================================================
Time complete formulation: 15.1
Path
  - source node: 1
  - destination node: 10000
  - path: [1, 101, 102, 202, 302, 303, 304, 305, 306, 406, 407, 507, 508, 509, 609, 610, 611, 612, 613, 614, 615, 616, 617, 618, 619, 620, 621, 622, 623, 723, 724, 725, 726, 727, 728, 828, 928, 1028, 1128, 1228, 1229, 1329, 1429, 1529, 1530, 1531, 1631, 1632, 1633, 1733, 1732, 1832, 1833, 1834, 1934, 2034, 2035, 2036, 2136, 2236, 2237, 2238, 2338, 2339, 2439, 2440, 2441, 2541, 2542, 2642, 2742, 2743, 2843, 2844, 2944, 3044, 3045, 3046, 3146, 3246, 3346, 3446, 3447, 3547, 3548, 3549, 3550, 3551, 3651, 3652, 3752, 3753, 3754, 3755, 3756, 3757, 3758, 3759, 3859, 3860, 3960, 4060, 4061, 4161, 4162, 4163, 4164, 4165, 4265, 4365, 4465, 4466, 4467, 4468, 4469, 4569, 4570, 4670, 4770, 4870, 4970, 4971, 5071, 5171, 5271, 5272, 5372, 5472, 5473, 5573, 5673, 5773, 5873, 5874, 5974, 5975, 5976, 5977, 6077, 6078, 6178, 6179, 6180, 6181, 6281, 6381, 6382, 6482, 6582, 6583, 6584, 6585, 6685, 6686, 6786, 6886, 6986, 7086, 7186, 7187, 7287, 7387, 7487, 7587, 7588, 7688, 7689, 7789, 7889, 7989, 8089, 8189, 8289, 8290, 8390, 8490, 8590, 8690, 8691, 8692, 8693, 8694, 8695, 8795, 8895, 8896, 8996, 8997, 8998, 9098, 9198, 9298, 9398, 9498, 9598, 9599, 9699, 9700, 9800, 9900, 10000]
  - number of used nodes: 201
  - cost: 6193
Colours
  - colours: [5, 92, 180, 195, 238, 259, 283, 304, 318, 322, 539, 546, 586, 641, 646, 649, 678, 796, 806, 865, 885, 1006, 1044, 1072, 1121, 1181, 1229, 1280, 1302, 1307, 1316, 1416, 1562, 1567, 1569, 1586, 1754, 1767, 1779, 1791, 1799, 1838, 1914, 1921, 1953, 1971, 2017, 2028, 2063, 2095, 2108, 2158, 2187, 2190, 2203, 2215, 2232, 2282, 2351, 2374, 2390, 2417, 2424, 2429, 2447, 2449, 2492, 2515, 2542, 2556, 2626, 2636, 2668, 2712, 2737, 2808, 2858, 2866, 2885, 2889, 2895, 2928, 2955, 3048, 3131, 3167, 3251, 3257, 3281, 3282, 3313, 3376, 3412, 3423, 3472, 3476, 3526, 3527, 3557, 3585, 3639, 3740, 3758, 3760, 3799, 3823, 3844, 3878, 3924, 4006, 4007, 4015, 4064, 4186, 4211, 4233, 4250, 4291, 4600, 4679, 4738, 4780, 4839, 4857, 4865, 4888, 4896, 4898, 4917, 4926, 5141, 5170, 5174, 5183, 5214, 5284, 5365, 5521, 5534, 5544, 5599, 5612, 5665, 5674, 5742, 5841, 5915, 5925, 5930, 6092, 6192, 6197, 6272, 6299, 6342, 6391, 6398, 6409, 6414, 6477, 6539, 6582, 6593, 6617, 6625, 6659, 6706, 6711, 6863, 6899, 6927, 6931, 6942, 7005, 7053, 7094, 7131, 7204, 7219, 7231, 7280, 7329, 7354, 7383, 7394, 7400, 7439, 7449, 7539, 7571, 7595, 7620, 7639, 7738, 7800, 7801, 7848, 7888, 7917]
  - number of used colours: 199


RILP Time NO EXTRA REDUCTION: 0.04
