Path
  - source node: 1
  - destination node: 10000
  - path: [1, 2, 3, 103, 104, 204, 205, 206, 207, 307, 308, 408, 508, 608, 708, 709, 809, 810, 811, 812, 813, 814, 815, 915, 1015, 1016, 1116, 1216, 1217, 1317, 1417, 1517, 1518, 1618, 1619, 1719, 1720, 1721, 1722, 1723, 1724, 1824, 1825, 1826, 1827, 1828, 1928, 2028, 2128, 2129, 2130, 2131, 2231, 2232, 2233, 2234, 2235, 2236, 2237, 2238, 2239, 2339, 2340, 2440, 2540, 2541, 2641, 2741, 2742, 2743, 2843, 2943, 2944, 3044, 3045, 3145, 3245, 3246, 3346, 3347, 3447, 3547, 3548, 3549, 3550, 3650, 3651, 3751, 3752, 3852, 3853, 3953, 3954, 4054, 4055, 4155, 4156, 4256, 4356, 4357, 4358, 4458, 4459, 4460, 4560, 4660, 4760, 4761, 4762, 4763, 4863, 4864, 4865, 4965, 5065, 5066, 5166, 5167, 5168, 5268, 5269, 5270, 5271, 5272, 5372, 5472, 5473, 5573, 5574, 5575, 5576, 5577, 5578, 5678, 5778, 5779, 5780, 5880, 5980, 5981, 5982, 5983, 6083, 6084, 6184, 6185, 6285, 6286, 6386, 6486, 6487, 6587, 6687, 6688, 6788, 6888, 6988, 7088, 7188, 7288, 7388, 7488, 7588, 7589, 7689, 7789, 7889, 7890, 7990, 7991, 8091, 8191, 8291, 8391, 8491, 8591, 8691, 8692, 8792, 8892, 8992, 9092, 9093, 9193, 9293, 9393, 9493, 9494, 9594, 9694, 9794, 9795, 9796, 9797, 9798, 9799, 9800, 9900, 10000]
  - number of used nodes: 199
  - cost: 6477
Colours
  - colours: [31, 74, 120, 134, 144, 162, 164, 183, 581, 658, 671, 678, 703, 717, 785, 820, 837, 883, 941, 1007, 1064, 1149, 1175, 1247, 1254, 1256, 1283, 1294, 1348, 1356, 1388, 1401, 1454, 1477, 1486, 1497, 1560, 1570, 1600, 1631, 1651, 1686, 1823, 1911, 1959, 1993, 2094, 2103, 2132, 2181, 2195, 2277, 2278, 2339, 2412, 2436, 2463, 2473, 2479, 2545, 2554, 2671, 2675, 2682, 2751, 2765, 2811, 2830, 2863, 2881, 2979, 3030, 3037, 3043, 3084, 3156, 3179, 3327, 3347, 3349, 3365, 3429, 3494, 3502, 3513, 3521, 3574, 3607, 3687, 3840, 3903, 3961, 4010, 4022, 4038, 4099, 4111, 4126, 4129, 4256, 4297, 4305, 4311, 4339, 4384, 4397, 4405, 4431, 4447, 4467, 4560, 4626, 4705, 4764, 4792, 4846, 4940, 4944, 4959, 4986, 5009, 5037, 5040, 5098, 5117, 5313, 5325, 5331, 5335, 5448, 5514, 5590, 5606, 5688, 5716, 5721, 5731, 5734, 5756, 5774, 5777, 5779, 5805, 5813, 5823, 5891, 5953, 5979, 6031, 6051, 6052, 6071, 6075, 6092, 6186, 6202, 6218, 6258, 6295, 6338, 6346, 6429, 6430, 6450, 6454, 6494, 6548, 6574, 6601, 6629, 6697, 6848, 6865, 6876, 6914, 6918, 6959, 6986, 7066, 7142, 7286, 7328, 7339, 7457, 7480, 7487, 7507, 7528, 7534, 7569, 7596, 7631, 7659, 7667, 7699, 7875]
  - number of used colours: 196
Time Colour Constrained Dijkstra Algorithm: 0.18
Time Reduction Algorithm: 0.06
Time Formulation: 0.6
Total time: 0.84
Gap: 0.6947660954145438
Removed nodes percentage: 85.77
Removed arcs percentage: 88.77272727272727
More Removed arcs percentage: 9.491677912730545