Path
  - source node: 1
  - destination node: 10000
  - path: [1, 101, 201, 202, 203, 303, 304, 305, 405, 505, 605, 606, 706, 806, 906, 907, 1007, 1008, 1009, 1109, 1209, 1210, 1211, 1212, 1312, 1313, 1413, 1414, 1514, 1614, 1615, 1715, 1815, 1816, 1817, 1917, 1918, 2018, 2118, 2218, 2219, 2220, 2221, 2222, 2322, 2323, 2423, 2523, 2524, 2525, 2526, 2626, 2627, 2727, 2827, 2927, 2928, 2929, 2930, 2931, 3031, 3131, 3132, 3232, 3233, 3333, 3433, 3533, 3633, 3733, 3833, 3933, 3934, 4034, 4035, 4135, 4235, 4236, 4237, 4238, 4239, 4339, 4439, 4440, 4540, 4640, 4740, 4741, 4742, 4743, 4744, 4745, 4746, 4846, 4946, 4947, 4948, 4949, 4950, 4951, 4952, 4953, 5053, 5153, 5253, 5353, 5354, 5355, 5356, 5357, 5457, 5458, 5558, 5559, 5659, 5660, 5760, 5860, 5861, 5961, 5962, 5963, 5964, 5965, 5966, 6066, 6166, 6266, 6267, 6268, 6368, 6369, 6469, 6470, 6570, 6670, 6770, 6870, 6970, 7070, 7170, 7171, 7271, 7371, 7471, 7571, 7671, 7771, 7871, 7872, 7873, 7874, 7875, 7876, 7976, 8076, 8077, 8177, 8178, 8179, 8180, 8280, 8281, 8282, 8283, 8383, 8384, 8484, 8485, 8585, 8586, 8686, 8786, 8787, 8788, 8789, 8790, 8791, 8891, 8892, 8893, 8894, 8895, 8995, 8996, 8997, 9097, 9197, 9198, 9199, 9299, 9399, 9499, 9599, 9699, 9799, 9899, 9900, 10000]
  - number of used nodes: 199
  - cost: 6245
Colours
  - colours: [4100, 6152, 33, 37, 43, 6188, 4146, 2127, 88, 6253, 4242, 2205, 6302, 163, 6314, 172, 6317, 6325, 6348, 2263, 234, 6382, 240, 242, 6402, 2311, 2312, 266, 2334, 4403, 6478, 2388, 341, 345, 350, 2408, 4467, 6515, 4475, 2455, 408, 4520, 2487, 2488, 6605, 463, 4560, 4561, 6618, 2536, 6633, 2551, 4601, 6650, 2572, 4641, 579, 585, 6730, 593, 594, 6766, 6767, 6800, 4768, 6821, 682, 6841, 711, 6864, 6897, 755, 2818, 787, 4887, 828, 832, 2887, 2902, 2910, 2921, 4969, 4976, 7026, 7038, 5032, 5036, 7085, 3003, 5059, 966, 972, 5070, 5104, 3057, 1029, 3079, 5153, 3112, 7210, 3117, 1071, 7236, 7238, 3163, 5226, 5231, 7287, 1148, 3200, 7300, 5256, 7313, 1169, 7323, 3227, 3272, 3279, 7381, 3299, 7400, 7420, 1288, 3353, 1310, 7465, 5425, 5441, 5443, 3404, 3420, 3429, 7539, 7540, 5496, 3455, 1408, 7564, 1425, 1433, 5545, 5563, 7619, 1493, 7640, 3545, 1498, 1505, 5617, 1523, 3584, 1538, 5648, 5678, 3636, 1593, 1600, 1620, 1622, 1623, 1645, 7798, 3739, 7836, 1696, 1725, 3774, 5859, 5864, 1786, 5892, 5912, 3865, 3866, 1824, 5921, 5923, 1840, 3915, 1894, 3946, 5999, 3975, 6032, 3986, 6046, 4007, 1960, 1962, 1985, 4045, 4085]
  - number of used colours: 192
Time Colour Constrained Dijkstra Algorithm: 0.27
Time Reduction Algorithm: 0.05
Time Formulation: 0.08
Total time: 0.41
Gap: 0.0
Removed nodes percentage: 95.08
Removed arcs percentage: 96.64141414141415
More Removed arcs percentage: 9.774436090225569
=================================================================================
Time complete formulation: 58.24
Path
  - source node: 1
  - destination node: 10000
  - path: [1, 101, 201, 202, 203, 303, 304, 305, 405, 505, 605, 606, 706, 806, 906, 907, 1007, 1008, 1009, 1109, 1209, 1210, 1211, 1212, 1312, 1313, 1413, 1414, 1514, 1614, 1615, 1715, 1815, 1816, 1817, 1917, 1918, 2018, 2118, 2218, 2219, 2220, 2221, 2222, 2322, 2323, 2423, 2523, 2524, 2525, 2526, 2626, 2627, 2727, 2827, 2927, 2928, 2929, 2930, 2931, 3031, 3131, 3132, 3232, 3233, 3333, 3433, 3533, 3633, 3733, 3833, 3933, 3934, 4034, 4035, 4135, 4235, 4236, 4237, 4238, 4239, 4339, 4439, 4440, 4540, 4640, 4740, 4741, 4742, 4743, 4744, 4745, 4746, 4846, 4946, 4947, 4948, 4949, 4950, 4951, 4952, 4953, 5053, 5153, 5253, 5353, 5354, 5355, 5356, 5357, 5457, 5458, 5558, 5559, 5659, 5660, 5760, 5860, 5861, 5961, 5962, 5963, 5964, 5965, 5966, 6066, 6166, 6266, 6267, 6268, 6368, 6369, 6469, 6470, 6570, 6670, 6770, 6870, 6970, 7070, 7170, 7171, 7271, 7371, 7471, 7571, 7671, 7771, 7871, 7872, 7873, 7874, 7875, 7876, 7976, 8076, 8077, 8177, 8178, 8179, 8180, 8280, 8281, 8282, 8283, 8383, 8384, 8484, 8485, 8585, 8586, 8686, 8786, 8787, 8788, 8789, 8790, 8791, 8891, 8892, 8893, 8894, 8895, 8995, 8996, 8997, 9097, 9197, 9198, 9199, 9299, 9399, 9499, 9599, 9699, 9799, 9899, 9900, 10000]
  - number of used nodes: 199
  - cost: 6245
Colours
  - colours: [33, 37, 43, 88, 163, 172, 234, 240, 242, 266, 341, 345, 350, 408, 463, 579, 585, 593, 594, 682, 711, 755, 787, 828, 832, 966, 972, 1029, 1071, 1148, 1169, 1288, 1310, 1408, 1425, 1433, 1493, 1498, 1505, 1523, 1538, 1593, 1600, 1620, 1622, 1623, 1645, 1696, 1725, 1786, 1824, 1840, 1894, 1960, 1962, 1985, 2127, 2205, 2263, 2311, 2312, 2334, 2388, 2408, 2455, 2487, 2488, 2536, 2551, 2572, 2818, 2887, 2902, 2910, 2921, 3003, 3057, 3079, 3112, 3117, 3163, 3200, 3227, 3272, 3279, 3299, 3353, 3404, 3420, 3429, 3455, 3545, 3584, 3636, 3739, 3774, 3865, 3866, 3915, 3946, 3975, 3986, 4007, 4045, 4085, 4100, 4146, 4242, 4403, 4467, 4475, 4520, 4560, 4561, 4601, 4641, 4768, 4887, 4969, 4976, 5032, 5036, 5059, 5070, 5104, 5153, 5226, 5231, 5256, 5425, 5441, 5443, 5496, 5545, 5563, 5617, 5648, 5678, 5859, 5864, 5892, 5912, 5921, 5923, 5999, 6032, 6046, 6152, 6188, 6253, 6302, 6314, 6317, 6325, 6348, 6382, 6402, 6478, 6515, 6605, 6618, 6633, 6650, 6730, 6766, 6767, 6800, 6821, 6841, 6864, 6897, 7026, 7038, 7085, 7210, 7236, 7238, 7287, 7300, 7313, 7323, 7381, 7400, 7420, 7465, 7539, 7540, 7564, 7619, 7640, 7798, 7836]
  - number of used colours: 192