Path
  - source node: 1
  - destination node: 20000
  - path: [1, 2, 3, 203, 204, 205, 206, 207, 208, 408, 409, 410, 411, 412, 612, 613, 614, 814, 815, 816, 817, 818, 618, 619, 620, 820, 821, 822, 823, 824, 825, 1025, 1225, 1226, 1227, 1427, 1627, 1628, 1629, 1829, 1830, 1831, 1832, 1833, 1834, 1835, 1836, 1837, 1838, 2038, 2039, 2040, 2240, 2440, 2441, 2641, 2642, 2643, 2644, 2444, 2445, 2446, 2447, 2448, 2648, 2649, 2849, 3049, 3050, 3051, 3052, 3053, 3054, 3055, 3056, 3057, 3058, 3059, 3259, 3260, 3261, 3461, 3462, 3463, 3464, 3465, 3466, 3467, 3468, 3668, 3868, 4068, 4069, 4070, 4071, 4271, 4272, 4273, 4473, 4474, 4475, 4476, 4676, 4677, 4678, 4679, 4680, 4880, 4881, 4882, 5082, 5083, 5283, 5284, 5285, 5286, 5086, 5087, 5088, 5288, 5289, 5489, 5490, 5491, 5492, 5692, 5892, 6092, 6093, 6293, 6294, 6295, 6296, 6297, 6298, 6498, 6499, 6500, 6700, 6900, 6901, 6902, 6903, 7103, 7303, 7304, 7504, 7704, 7705, 7905, 7906, 7907, 8107, 8108, 8308, 8309, 8310, 8510, 8511, 8512, 8712, 8713, 8913, 8914, 9114, 9314, 9315, 9515, 9516, 9716, 9717, 9917, 10117, 10118, 10119, 10120, 10121, 10321, 10322, 10323, 10324, 10325, 10525, 10526, 10527, 10528, 10529, 10530, 10531, 10731, 10931, 11131, 11132, 11133, 11134, 11334, 11534, 11535, 11735, 11736, 11737, 11738, 11739, 11740, 11940, 11941, 12141, 12142, 12342, 12542, 12543, 12544, 12545, 12745, 12945, 12946, 12947, 12948, 12949, 13149, 13150, 13350, 13351, 13352, 13353, 13553, 13554, 13555, 13556, 13557, 13757, 13758, 13958, 14158, 14358, 14558, 14559, 14759, 14760, 14761, 14961, 14962, 14762, 14763, 14764, 14964, 14965, 14966, 15166, 15167, 15168, 15169, 15170, 15370, 15371, 15372, 15373, 15374, 15574, 15774, 15775, 15975, 15976, 16176, 16376, 16377, 16577, 16578, 16579, 16580, 16581, 16582, 16583, 16584, 16585, 16785, 16985, 17185, 17186, 17187, 17387, 17587, 17588, 17589, 17789, 17790, 17791, 17792, 17793, 17794, 17795, 17796, 17797, 17798, 17998, 18198, 18398, 18399, 18599, 18799, 18999, 19199, 19399, 19599, 19799, 19800, 20000]
  - number of used nodes: 307
  - cost: 9737
Colours
  - colours: [2, 6, 7, 8, 11, 14, 16, 20, 21, 25, 27, 30, 32, 39, 40, 44, 49, 51, 55, 61, 63, 66, 68, 80, 84, 87, 88, 95, 98, 99, 104, 109, 110, 115, 116, 117, 120, 123, 127, 131, 132, 150, 156, 157, 164, 165, 168, 169, 172, 173, 174, 176, 178, 180, 184, 193, 199, 200, 202, 206, 210, 211, 212, 214, 215, 216, 220, 226, 230, 232, 234, 236, 240, 241, 243, 246, 252, 253, 257, 262, 264, 265, 266, 271, 273, 274, 285, 289, 295, 299, 300, 302, 305, 306, 309, 313, 317, 320, 321, 323, 325, 329, 331, 334, 336, 337, 341, 342, 344, 350, 358, 359, 361, 362, 363, 370, 371, 372, 374, 375, 376, 380, 382, 384, 385, 389, 391, 393, 394, 396, 398, 400, 402, 405, 406, 411, 415, 420, 426, 427, 431, 435, 438, 441, 443, 447, 452, 459, 473, 477, 481, 482, 489, 496, 497, 498, 502, 504, 506, 509, 512, 514, 516, 517, 528, 531, 534, 535, 537, 541, 548, 549, 552, 557, 562, 563, 567, 572, 574, 576, 581, 584, 585, 587, 592, 597, 601, 606, 609, 612, 616, 617, 620, 629, 630, 633, 635, 636, 638, 640, 645, 647, 650, 651, 658, 663, 664, 665, 668, 673, 678, 679, 685, 686, 688, 689, 700, 701, 704, 706, 708, 709, 710, 719, 721, 726, 728, 731, 732, 734, 735, 738, 749, 751, 753, 756, 757, 758, 760, 764, 770, 771, 776, 781, 783, 784, 790]
  - number of used colours: 247
Time Colour Constrained Dijkstra Algorithm: 0.27
Total time: 0.53
Gap: 0.1745917633768101
Removed nodes percentage: 95.94
Removed arcs percentage: 97.21662468513854