Path
  - source node: 1
  - destination node: 20000
  - path: [1, 2, 3, 203, 204, 205, 206, 406, 407, 607, 807, 808, 809, 810, 811, 1011, 1012, 1013, 1014, 1015, 1215, 1216, 1217, 1417, 1418, 1618, 1619, 1620, 1621, 1622, 1822, 2022, 2222, 2223, 2224, 2024, 2025, 2026, 2027, 2028, 1828, 1829, 1830, 1630, 1631, 1632, 1633, 1634, 1635, 1835, 1836, 1837, 1838, 2038, 2039, 2239, 2439, 2440, 2441, 2442, 2443, 2444, 2445, 2645, 2646, 2846, 2847, 2848, 3048, 3248, 3249, 3449, 3450, 3451, 3452, 3453, 3454, 3654, 3655, 3656, 3657, 3658, 3858, 3859, 3860, 3861, 3862, 3863, 3864, 3865, 3866, 3867, 3868, 3869, 4069, 4070, 4270, 4470, 4471, 4671, 4871, 4872, 4672, 4673, 4674, 4874, 4875, 5075, 5275, 5276, 5476, 5477, 5677, 5877, 6077, 6277, 6477, 6677, 6678, 6878, 6879, 6880, 6881, 6882, 6883, 6884, 6885, 6886, 6887, 7087, 7287, 7288, 7289, 7290, 7291, 7292, 7293, 7493, 7693, 7694, 7894, 8094, 8095, 8096, 8097, 8098, 8099, 8100, 8300, 8500, 8501, 8502, 8503, 8504, 8704, 8705, 8706, 8906, 9106, 9306, 9307, 9507, 9508, 9509, 9510, 9511, 9512, 9513, 9514, 9714, 9715, 9915, 10115, 10116, 10316, 10317, 10517, 10518, 10718, 10719, 10919, 10920, 10921, 10922, 10923, 10924, 10925, 10926, 10726, 10727, 10728, 10729, 10730, 10731, 10732, 10733, 10734, 10934, 10935, 11135, 11335, 11336, 11337, 11537, 11737, 11738, 11938, 11939, 12139, 12339, 12340, 12341, 12541, 12741, 12742, 12743, 12943, 12944, 12945, 13145, 13345, 13346, 13347, 13348, 13349, 13350, 13351, 13551, 13552, 13553, 13554, 13555, 13755, 13756, 13757, 13758, 13759, 13760, 13761, 13762, 13763, 13764, 13964, 13965, 14165, 14365, 14366, 14566, 14766, 14767, 14967, 14968, 15168, 15169, 15170, 15171, 15371, 15571, 15771, 15772, 15773, 15774, 15974, 16174, 16175, 16375, 16376, 16576, 16776, 16976, 17176, 17376, 17377, 17378, 17578, 17579, 17580, 17581, 17582, 17782, 17783, 17784, 17984, 18184, 18185, 18186, 18386, 18586, 18587, 18588, 18589, 18590, 18790, 18990, 18991, 19191, 19192, 19193, 19194, 19195, 19395, 19396, 19397, 19597, 19598, 19798, 19998, 19999, 20000]
  - number of used nodes: 309
  - cost: 9592
Colours
  - colours: [0, 1, 4, 9, 10, 12, 14, 20, 22, 24, 27, 28, 30, 33, 38, 47, 48, 50, 55, 58, 60, 62, 63, 65, 66, 73, 75, 76, 77, 86, 91, 93, 96, 97, 100, 102, 104, 108, 113, 118, 122, 126, 129, 132, 133, 134, 135, 136, 137, 143, 144, 147, 156, 160, 164, 167, 168, 172, 174, 179, 184, 186, 190, 191, 192, 193, 194, 200, 201, 202, 203, 215, 216, 217, 218, 220, 224, 228, 233, 236, 238, 246, 247, 249, 254, 261, 264, 266, 267, 275, 276, 278, 280, 285, 290, 293, 295, 297, 300, 302, 303, 305, 311, 313, 314, 316, 318, 319, 322, 325, 326, 331, 340, 343, 346, 354, 359, 360, 366, 376, 380, 381, 383, 385, 395, 396, 399, 401, 403, 405, 406, 408, 411, 413, 426, 428, 429, 433, 434, 435, 436, 440, 441, 445, 446, 454, 455, 457, 462, 466, 469, 472, 475, 476, 484, 485, 489, 502, 503, 505, 517, 519, 520, 530, 532, 535, 536, 541, 543, 546, 549, 559, 564, 566, 570, 571, 572, 579, 582, 587, 592, 593, 596, 609, 612, 613, 614, 617, 620, 624, 625, 627, 636, 638, 646, 650, 651, 652, 654, 658, 663, 665, 666, 671, 676, 677, 687, 688, 694, 695, 698, 699, 705, 706, 709, 712, 714, 716, 718, 720, 727, 734, 735, 737, 739, 743, 745, 749, 752, 753, 758, 759, 763, 764, 766, 767, 778, 780, 783, 784, 785, 789, 791, 792]
  - number of used colours: 244
Time Colour Constrained Dijkstra Algorithm: 0.27
Time Reduction Algorithm: 0.11
Time Formulation: 0.11
Total time: 0.49
Gap: 0.2919099249374479
Removed nodes percentage: 96.465
Removed arcs percentage: 97.544080604534
More Removed arcs percentage: 12.0

=================================================================================
Time complete formulation: 71.79
Path
  - source node: 1
  - destination node: 20000
  - path: [1, 2, 3, 203, 204, 205, 206, 406, 407, 607, 807, 808, 809, 810, 811, 1011, 1012, 1013, 1014, 1015, 1215, 1216, 1217, 1417, 1418, 1618, 1619, 1620, 1621, 1622, 1822, 2022, 2222, 2223, 2224, 2024, 2025, 2026, 2027, 2028, 1828, 1829, 1830, 1630, 1631, 1632, 1633, 1634, 1635, 1835, 1836, 1837, 1838, 2038, 2039, 2239, 2439, 2440, 2441, 2442, 2443, 2444, 2445, 2645, 2646, 2846, 2847, 2848, 3048, 3248, 3249, 3449, 3450, 3451, 3452, 3453, 3454, 3654, 3655, 3656, 3657, 3658, 3858, 3859, 3860, 3861, 3862, 3863, 3864, 3865, 3866, 3867, 3868, 3869, 4069, 4070, 4270, 4470, 4471, 4671, 4871, 4872, 4672, 4673, 4674, 4874, 4875, 5075, 5275, 5276, 5476, 5477, 5677, 5877, 6077, 6277, 6477, 6677, 6678, 6878, 6879, 6880, 6881, 6882, 6883, 6884, 6885, 6886, 6887, 7087, 7287, 7288, 7289, 7290, 7291, 7292, 7293, 7493, 7693, 7694, 7894, 8094, 8095, 8096, 8097, 8098, 8099, 8100, 8300, 8500, 8501, 8502, 8503, 8504, 8704, 8705, 8706, 8906, 9106, 9306, 9307, 9507, 9508, 9509, 9510, 9511, 9512, 9513, 9514, 9714, 9715, 9915, 10115, 10116, 10316, 10317, 10517, 10518, 10718, 10719, 10919, 10920, 10921, 10922, 10923, 10924, 10925, 10926, 10726, 10727, 10728, 10729, 10730, 10731, 10732, 10733, 10734, 10934, 10935, 11135, 11335, 11336, 11337, 11537, 11737, 11738, 11938, 11939, 12139, 12339, 12340, 12341, 12541, 12741, 12742, 12743, 12943, 12944, 12945, 13145, 13345, 13346, 13347, 13348, 13349, 13350, 13351, 13551, 13552, 13553, 13554, 13555, 13755, 13756, 13757, 13758, 13759, 13760, 13761, 13762, 13763, 13764, 13964, 13965, 14165, 14365, 14366, 14566, 14766, 14767, 14967, 14968, 15168, 15169, 15170, 15171, 15371, 15571, 15771, 15772, 15773, 15774, 15974, 16174, 16175, 16375, 16376, 16576, 16776, 16976, 17176, 17376, 17377, 17378, 17578, 17579, 17580, 17581, 17582, 17782, 17783, 17784, 17984, 18184, 18185, 18186, 18386, 18586, 18587, 18588, 18589, 18590, 18790, 18990, 18991, 19191, 19192, 19193, 19194, 19195, 19395, 19396, 19397, 19597, 19598, 19798, 19998, 19999, 20000]
  - number of used nodes: 309
  - cost: 9592
Colours
  - colours: [0, 1, 4, 9, 10, 12, 14, 20, 22, 24, 27, 28, 30, 33, 38, 47, 48, 50, 55, 58, 60, 62, 63, 65, 66, 73, 75, 76, 77, 86, 91, 93, 96, 97, 100, 102, 104, 108, 113, 118, 122, 126, 129, 132, 133, 134, 135, 136, 137, 143, 144, 147, 156, 160, 164, 167, 168, 172, 174, 179, 184, 186, 190, 191, 192, 193, 194, 200, 201, 202, 203, 215, 216, 217, 218, 220, 224, 228, 233, 236, 238, 246, 247, 249, 254, 261, 264, 266, 267, 275, 276, 278, 280, 285, 290, 293, 295, 297, 300, 302, 303, 305, 311, 313, 314, 316, 318, 319, 322, 325, 326, 331, 340, 343, 346, 354, 359, 360, 366, 376, 380, 381, 383, 385, 395, 396, 399, 401, 403, 405, 406, 408, 411, 413, 426, 428, 429, 433, 434, 435, 436, 440, 441, 445, 446, 454, 455, 457, 462, 466, 469, 472, 475, 476, 484, 485, 489, 502, 503, 505, 517, 519, 520, 530, 532, 535, 536, 541, 543, 546, 549, 559, 564, 566, 570, 571, 572, 579, 582, 587, 592, 593, 596, 609, 612, 613, 614, 617, 620, 624, 625, 627, 636, 638, 646, 650, 651, 652, 654, 658, 663, 665, 666, 671, 676, 677, 687, 688, 694, 695, 698, 699, 705, 706, 709, 712, 714, 716, 718, 720, 727, 734, 735, 737, 739, 743, 745, 749, 752, 753, 758, 759, 763, 764, 766, 767, 778, 780, 783, 784, 785, 789, 791, 792]
  - number of used colours: 244


RILP Time NO EXTRA REDUCTION: 0.51
