Path
  - source node: 1
  - destination node: 20000
  - path: [1, 2, 3, 4, 5, 6, 7, 207, 208, 209, 210, 211, 212, 412, 413, 613, 813, 1013, 1014, 1015, 1215, 1415, 1615, 1616, 1816, 2016, 2017, 2018, 2019, 2219, 2419, 2619, 2620, 2820, 2821, 2822, 2823, 3023, 3024, 3025, 3026, 3226, 3227, 3228, 3229, 3230, 3231, 3232, 3432, 3632, 3633, 3634, 3635, 3835, 4035, 4036, 4236, 4436, 4437, 4637, 4837, 4838, 4839, 4840, 4841, 5041, 5241, 5242, 5243, 5244, 5444, 5445, 5645, 5646, 5846, 5847, 6047, 6247, 6248, 6249, 6250, 6450, 6650, 6651, 6851, 6852, 6853, 6854, 6855, 6856, 6857, 6858, 6859, 7059, 7259, 7260, 7261, 7262, 7263, 7463, 7464, 7664, 7864, 8064, 8065, 8066, 8067, 8267, 8467, 8468, 8469, 8470, 8471, 8472, 8473, 8474, 8674, 8675, 8875, 8876, 8877, 8878, 8879, 8880, 8881, 8882, 9082, 9282, 9283, 9284, 9285, 9485, 9486, 9686, 9687, 9688, 9689, 9690, 9691, 9692, 9892, 9893, 9894, 9895, 9896, 9897, 9898, 10098, 10099, 10100, 10101, 10102, 10103, 10104, 10304, 10305, 10306, 10307, 10507, 10707, 10708, 10908, 11108, 11308, 11309, 11509, 11510, 11710, 11711, 11911, 12111, 12311, 12312, 12512, 12712, 12912, 12913, 12914, 13114, 13314, 13315, 13515, 13516, 13517, 13717, 13718, 13719, 13720, 13721, 13921, 13922, 13923, 13924, 13925, 13926, 14126, 14326, 14526, 14527, 14528, 14529, 14530, 14531, 14331, 14332, 14333, 14334, 14335, 14336, 14337, 14338, 14339, 14340, 14341, 14342, 14542, 14742, 14743, 14943, 14944, 15144, 15145, 15146, 15346, 15347, 15348, 15548, 15549, 15550, 15551, 15552, 15752, 15753, 15754, 15954, 16154, 16155, 16156, 16157, 16158, 16358, 16558, 16758, 16958, 16959, 17159, 17160, 17360, 17361, 17561, 17761, 17961, 18161, 18361, 18362, 18363, 18364, 18365, 18565, 18765, 18766, 18767, 18768, 18769, 18770, 18771, 18772, 18773, 18774, 18775, 18776, 18777, 18778, 18779, 18780, 18980, 18981, 18982, 18983, 18984, 18985, 18986, 18987, 19187, 19188, 19189, 19190, 19191, 19192, 19193, 19194, 19195, 19395, 19396, 19397, 19398, 19598, 19599, 19799, 19800, 20000]
  - number of used nodes: 301
  - cost: 9482
Colours
  - colours: {1, 2, 5, 7, 9, 10, 11, 12, 525, 13, 15, 521, 16, 19, 534, 535, 24, 28, 30, 545, 548, 549, 36, 552, 554, 555, 47, 49, 50, 563, 52, 565, 54, 56, 569, 59, 60, 573, 61, 63, 572, 579, 68, 580, 583, 584, 585, 78, 79, 81, 82, 594, 595, 597, 85, 599, 88, 89, 92, 94, 609, 97, 99, 611, 102, 615, 616, 617, 618, 106, 108, 111, 113, 626, 115, 117, 632, 121, 120, 635, 123, 124, 126, 127, 128, 129, 636, 645, 647, 648, 649, 135, 139, 136, 653, 651, 650, 656, 658, 660, 661, 663, 664, 151, 666, 669, 159, 160, 671, 674, 673, 679, 169, 682, 171, 172, 683, 686, 681, 176, 688, 690, 691, 181, 183, 696, 695, 700, 189, 702, 191, 707, 709, 200, 712, 720, 724, 213, 726, 725, 218, 730, 732, 222, 735, 224, 226, 739, 740, 229, 742, 743, 745, 234, 746, 747, 749, 751, 755, 244, 757, 759, 251, 763, 253, 766, 256, 258, 770, 259, 773, 268, 781, 270, 780, 272, 275, 790, 278, 285, 287, 292, 293, 299, 301, 305, 310, 311, 315, 324, 325, 327, 330, 331, 334, 335, 336, 338, 340, 342, 343, 351, 353, 356, 358, 359, 360, 364, 368, 376, 384, 385, 386, 387, 392, 394, 396, 397, 400, 404, 413, 418, 427, 428, 439, 446, 450, 458, 462, 465, 466, 467, 468, 471, 475, 476, 478, 480, 482, 490, 491, 493, 498, 499, 506, 511}
  - number of used colours: 246
Time Colour Constrained Dijkstra Algorithm: 0.09
Time Reduction Algorithm: 0
Time Formulation: 0
Total time: 0.09
Gap: 0
Removed nodes percentage: -1
Removed arcs percentage: -1
More Removed arcs percentage: -1