Path
  - source node: 1
  - destination node: 20000
  - path: [1, 201, 202, 203, 403, 603, 803, 804, 805, 1005, 1205, 1405, 1605, 1805, 1806, 1807, 1808, 1809, 2009, 2209, 2409, 2609, 2809, 3009, 3010, 3011, 3012, 3212, 3412, 3612, 3613, 3614, 3615, 3616, 3816, 4016, 4017, 4217, 4218, 4219, 4220, 4221, 4222, 4223, 4423, 4623, 4624, 4824, 4825, 4826, 4827, 5027, 5028, 5228, 5428, 5429, 5629, 5630, 5631, 5632, 5633, 5634, 5635, 5636, 5637, 5638, 5838, 5839, 5840, 5841, 6041, 6042, 6043, 6044, 6244, 6245, 6246, 6446, 6447, 6448, 6648, 6848, 6849, 7049, 7249, 7449, 7450, 7451, 7452, 7453, 7454, 7455, 7655, 7656, 7657, 7857, 8057, 8257, 8457, 8458, 8459, 8460, 8461, 8462, 8662, 8663, 8863, 8864, 8865, 8866, 9066, 9067, 9068, 9069, 9070, 9270, 9271, 9272, 9472, 9672, 9673, 9873, 9874, 10074, 10274, 10474, 10475, 10476, 10477, 10478, 10479, 10679, 10680, 10681, 10682, 10882, 11082, 11282, 11283, 11483, 11484, 11485, 11486, 11487, 11687, 11688, 11888, 12088, 12089, 12090, 12290, 12291, 12292, 12293, 12294, 12295, 12296, 12297, 12298, 12299, 12300, 12301, 12302, 12303, 12304, 12305, 12505, 12506, 12507, 12508, 12509, 12510, 12511, 12311, 12312, 12313, 12314, 12315, 12316, 12317, 12517, 12518, 12519, 12520, 12521, 12522, 12523, 12524, 12525, 12526, 12726, 12727, 12728, 12729, 12730, 12930, 13130, 13131, 13132, 13332, 13333, 13334, 13335, 13535, 13735, 13736, 13737, 13937, 13938, 13939, 13940, 14140, 14141, 14142, 14143, 14144, 14145, 13945, 13946, 13947, 13948, 13949, 13950, 13951, 13952, 13953, 14153, 14154, 14354, 14355, 14356, 14357, 14358, 14359, 14159, 14160, 14161, 14162, 14163, 14363, 14563, 14763, 14764, 14765, 14766, 14767, 14768, 14769, 14969, 14970, 14971, 15171, 15172, 15372, 15373, 15573, 15773, 15973, 15974, 15975, 16175, 16375, 16376, 16576, 16776, 16976, 16977, 17177, 17178, 17378, 17578, 17579, 17580, 17581, 17381, 17382, 17383, 17384, 17385, 17585, 17586, 17786, 17787, 17788, 17789, 17790, 17791, 17991, 17992, 17993, 18193, 18393, 18593, 18793, 18993, 18994, 19194, 19394, 19395, 19396, 19397, 19597, 19797, 19798, 19799, 19800, 20000]
  - number of used nodes: 307
  - cost: 9605
Colours
  - colours: {0, 515, 4, 3, 6, 7, 520, 521, 522, 517, 12, 525, 14, 15, 527, 529, 17, 532, 22, 23, 539, 543, 545, 546, 34, 37, 41, 557, 46, 48, 49, 564, 565, 567, 56, 58, 574, 575, 576, 65, 578, 579, 68, 70, 584, 72, 74, 587, 588, 586, 591, 80, 81, 84, 596, 86, 87, 601, 602, 605, 607, 96, 97, 610, 99, 100, 101, 614, 107, 621, 112, 625, 113, 630, 120, 633, 634, 123, 636, 632, 639, 128, 640, 642, 641, 129, 645, 646, 134, 136, 649, 648, 651, 138, 652, 655, 144, 145, 658, 147, 662, 151, 666, 667, 668, 157, 159, 672, 673, 170, 685, 688, 689, 178, 695, 183, 185, 186, 188, 189, 190, 701, 710, 198, 713, 715, 716, 204, 206, 719, 718, 212, 213, 216, 217, 729, 731, 218, 733, 221, 223, 737, 226, 227, 741, 742, 234, 235, 237, 239, 752, 242, 754, 757, 250, 254, 256, 771, 773, 265, 266, 267, 779, 268, 777, 783, 778, 785, 270, 784, 789, 790, 791, 792, 793, 284, 291, 293, 295, 300, 304, 305, 306, 307, 311, 319, 320, 332, 335, 336, 337, 342, 345, 348, 349, 354, 356, 363, 364, 365, 366, 374, 381, 386, 387, 389, 391, 394, 401, 402, 403, 405, 408, 411, 413, 415, 418, 419, 420, 430, 440, 441, 447, 449, 454, 455, 459, 460, 461, 463, 465, 466, 469, 470, 472, 476, 478, 479, 480, 482, 483, 491, 492, 495, 496, 498, 502, 506, 507, 508, 510}
  - number of used colours: 251
Time Colour Constrained Dijkstra Algorithm: 0.09
Time Reduction Algorithm: 0
Time Formulation: 0
Total time: 0.09
Gap: 0
Removed nodes percentage: -1
Removed arcs percentage: -1
More Removed arcs percentage: -1

=================================================================================
Time complete formulation: 63.86
Path
  - source node: 1
  - destination node: 20000
  - path: [1, 201, 202, 203, 403, 603, 803, 804, 805, 1005, 1205, 1405, 1605, 1805, 1806, 1807, 1808, 1809, 2009, 2209, 2409, 2609, 2809, 3009, 3010, 3011, 3012, 3212, 3412, 3612, 3613, 3614, 3615, 3616, 3816, 4016, 4017, 4217, 4218, 4219, 4220, 4221, 4222, 4223, 4423, 4623, 4624, 4824, 4825, 4826, 4827, 5027, 5028, 5228, 5428, 5429, 5629, 5630, 5631, 5632, 5633, 5634, 5635, 5636, 5637, 5638, 5838, 5839, 5840, 5841, 6041, 6042, 6043, 6044, 6244, 6245, 6246, 6446, 6447, 6448, 6648, 6848, 6849, 7049, 7249, 7449, 7450, 7451, 7452, 7453, 7454, 7455, 7456, 7656, 7657, 7857, 8057, 8257, 8457, 8458, 8459, 8460, 8461, 8462, 8662, 8663, 8863, 8864, 8865, 8866, 9066, 9067, 9068, 9069, 9070, 9270, 9271, 9272, 9472, 9672, 9673, 9873, 9874, 10074, 10274, 10474, 10475, 10476, 10477, 10478, 10479, 10679, 10680, 10681, 10682, 10882, 11082, 11282, 11283, 11483, 11484, 11485, 11486, 11487, 11687, 11688, 11888, 12088, 12089, 12090, 12290, 12291, 12292, 12293, 12294, 12295, 12296, 12297, 12298, 12299, 12300, 12301, 12302, 12303, 12304, 12305, 12505, 12506, 12507, 12508, 12509, 12510, 12511, 12311, 12312, 12313, 12314, 12315, 12316, 12317, 12517, 12518, 12519, 12520, 12521, 12522, 12523, 12524, 12525, 12526, 12726, 12727, 12728, 12729, 12730, 12930, 13130, 13131, 13132, 13332, 13333, 13334, 13335, 13535, 13735, 13736, 13737, 13937, 13938, 13939, 13940, 14140, 14141, 14142, 14143, 14144, 14145, 13945, 13946, 13947, 13948, 13949, 13950, 13951, 13952, 13953, 14153, 14154, 14354, 14355, 14356, 14357, 14358, 14359, 14159, 14160, 14161, 14162, 14163, 14363, 14563, 14763, 14764, 14765, 14766, 14767, 14768, 14769, 14969, 14970, 14971, 15171, 15172, 15372, 15373, 15573, 15773, 15973, 15974, 15975, 16175, 16375, 16376, 16576, 16776, 16976, 16977, 17177, 17178, 17378, 17578, 17579, 17580, 17581, 17381, 17382, 17383, 17384, 17385, 17585, 17586, 17786, 17787, 17788, 17789, 17790, 17791, 17991, 17992, 17993, 18193, 18393, 18593, 18793, 18993, 18994, 19194, 19394, 19395, 19396, 19397, 19597, 19797, 19798, 19799, 19800, 20000]
  - number of used nodes: 307
  - cost: 9605
Colours
  - colours: [0, 3, 4, 6, 7, 12, 14, 15, 17, 22, 23, 34, 37, 41, 46, 48, 49, 56, 58, 65, 68, 70, 72, 74, 80, 81, 84, 86, 87, 96, 97, 99, 100, 101, 107, 112, 113, 120, 123, 128, 129, 134, 136, 138, 142, 144, 145, 147, 151, 157, 159, 170, 178, 183, 185, 186, 188, 189, 190, 198, 204, 206, 212, 213, 216, 217, 218, 221, 223, 226, 227, 234, 235, 237, 239, 242, 250, 254, 256, 265, 266, 267, 268, 270, 284, 291, 293, 295, 300, 304, 305, 306, 307, 311, 319, 320, 332, 335, 336, 337, 342, 345, 348, 349, 354, 356, 363, 364, 365, 366, 374, 381, 386, 387, 389, 391, 394, 399, 401, 402, 403, 405, 408, 411, 413, 415, 418, 419, 420, 430, 440, 441, 447, 449, 454, 455, 459, 460, 461, 463, 465, 466, 469, 470, 472, 476, 478, 479, 480, 482, 483, 492, 495, 496, 498, 502, 506, 507, 508, 510, 515, 517, 520, 521, 522, 525, 527, 529, 532, 539, 543, 545, 546, 557, 564, 565, 567, 574, 575, 576, 578, 579, 584, 586, 587, 588, 591, 596, 601, 602, 605, 607, 610, 614, 621, 625, 630, 632, 633, 634, 636, 639, 640, 641, 642, 645, 646, 648, 649, 651, 652, 655, 658, 662, 666, 667, 668, 672, 673, 685, 688, 689, 695, 701, 710, 713, 715, 716, 718, 719, 729, 731, 733, 737, 741, 742, 752, 754, 757, 771, 773, 777, 778, 779, 783, 784, 785, 789, 790, 791, 792, 793]
  - number of used colours: 252


RILP Time NO EXTRA REDUCTION: 0.09
