Path
  - source node: 1
  - destination node: 20000
  - path: [1, 201, 202, 203, 204, 404, 405, 605, 805, 1005, 1205, 1206, 1207, 1208, 1209, 1210, 1410, 1411, 1412, 1413, 1613, 1614, 1814, 1815, 2015, 2016, 2216, 2217, 2218, 2219, 2220, 2221, 2421, 2422, 2423, 2424, 2624, 2625, 2626, 2627, 2827, 2828, 2829, 2830, 2831, 3031, 3032, 3033, 3034, 3234, 3235, 3435, 3635, 3636, 3637, 3638, 3639, 3640, 3641, 3841, 4041, 4042, 4242, 4243, 4244, 4245, 4246, 4247, 4447, 4448, 4648, 4649, 4650, 4651, 4851, 4852, 5052, 5053, 5253, 5453, 5454, 5455, 5456, 5457, 5458, 5658, 5659, 5660, 5661, 5662, 5663, 5863, 6063, 6263, 6463, 6663, 6863, 7063, 7263, 7264, 7464, 7664, 7665, 7666, 7866, 7867, 7868, 8068, 8268, 8269, 8469, 8669, 8670, 8671, 8672, 8673, 8674, 8675, 8676, 8677, 8678, 8679, 8680, 8681, 8682, 8683, 8684, 8884, 8885, 8886, 9086, 9087, 9287, 9288, 9289, 9489, 9490, 9491, 9492, 9493, 9494, 9694, 9894, 9895, 10095, 10096, 10097, 10098, 10099, 10100, 10300, 10301, 10302, 10502, 10503, 10504, 10505, 10506, 10507, 10508, 10509, 10709, 10710, 10711, 10712, 10713, 10714, 10715, 10915, 11115, 11116, 11117, 11118, 11318, 11518, 11519, 11520, 11521, 11522, 11523, 11524, 11525, 11725, 11925, 11926, 11927, 11928, 12128, 12129, 12329, 12330, 12331, 12332, 12333, 12334, 12534, 12535, 12536, 12736, 12936, 12937, 12938, 13138, 13139, 13140, 13141, 13142, 13143, 13343, 13543, 13743, 13744, 13745, 13746, 13946, 13947, 13948, 13949, 13950, 13951, 13952, 13953, 13954, 14154, 14155, 14156, 14157, 14158, 14159, 14160, 14161, 14162, 14163, 14164, 14165, 14166, 14167, 14168, 14368, 14369, 14370, 14371, 14571, 14572, 14772, 14773, 14774, 14974, 14975, 15175, 15375, 15376, 15377, 15378, 15379, 15579, 15779, 15979, 16179, 16180, 16181, 16182, 16382, 16383, 16583, 16783, 16784, 16984, 17184, 17185, 17186, 17187, 17387, 17388, 17389, 17589, 17789, 17790, 17990, 17991, 17992, 17993, 18193, 18194, 18394, 18395, 18396, 18596, 18796, 18996, 18997, 18998, 19198, 19398, 19399, 19400, 19600, 19800, 20000]
  - number of used nodes: 299
  - cost: 9817
Colours
  - colours: {1, 2, 514, 3, 5, 518, 519, 521, 522, 523, 15, 16, 530, 19, 20, 23, 28, 543, 31, 545, 33, 546, 35, 38, 40, 44, 559, 562, 53, 54, 567, 56, 59, 63, 577, 66, 578, 584, 74, 589, 79, 80, 594, 87, 600, 89, 601, 88, 604, 93, 90, 97, 609, 612, 613, 100, 615, 616, 105, 104, 619, 621, 624, 112, 627, 628, 630, 119, 633, 634, 127, 128, 640, 641, 131, 132, 644, 648, 649, 650, 138, 136, 139, 654, 657, 145, 660, 662, 663, 155, 157, 669, 160, 673, 162, 675, 676, 167, 680, 682, 172, 173, 686, 175, 174, 691, 179, 181, 183, 184, 698, 189, 190, 191, 705, 195, 708, 199, 200, 201, 712, 203, 717, 718, 209, 212, 724, 214, 729, 730, 218, 731, 733, 221, 734, 736, 737, 738, 739, 740, 229, 742, 232, 745, 236, 237, 751, 241, 243, 244, 245, 758, 759, 248, 761, 766, 254, 767, 769, 255, 261, 781, 270, 273, 274, 275, 787, 789, 277, 279, 283, 286, 289, 290, 293, 294, 296, 300, 304, 306, 313, 315, 318, 325, 326, 332, 336, 340, 341, 342, 346, 347, 349, 350, 351, 356, 360, 361, 362, 376, 381, 382, 384, 389, 390, 393, 397, 403, 406, 411, 412, 416, 422, 423, 425, 426, 427, 428, 430, 434, 435, 440, 442, 444, 445, 446, 451, 456, 463, 464, 467, 469, 474, 475, 480, 482, 483, 491, 498, 503, 505, 507, 508}
  - number of used colours: 243
Time Colour Constrained Dijkstra Algorithm: 0.09
Time Reduction Algorithm: 0
Time Formulation: 0
Total time: 0.09
Gap: 0
Removed nodes percentage: -1
Removed arcs percentage: -1
More Removed arcs percentage: -1