Path
  - source node: 1
  - destination node: 20000
  - path: [1, 201, 401, 402, 403, 603, 604, 605, 805, 806, 1006, 1007, 1008, 1009, 1010, 1011, 1211, 1212, 1213, 1214, 1215, 1415, 1416, 1417, 1418, 1618, 1818, 2018, 2019, 2020, 2021, 2221, 2421, 2621, 2821, 3021, 3221, 3421, 3621, 3821, 4021, 4022, 4222, 4422, 4423, 4424, 4425, 4426, 4626, 4826, 4827, 4828, 5028, 5029, 5030, 5230, 5231, 5232, 5233, 5433, 5633, 5833, 5834, 6034, 6234, 6235, 6435, 6635, 6636, 6836, 7036, 7236, 7237, 7437, 7637, 7837, 7838, 7839, 7840, 7841, 7842, 7843, 7844, 8044, 8244, 8245, 8246, 8446, 8646, 8846, 9046, 9047, 9247, 9248, 9448, 9449, 9450, 9451, 9452, 9453, 9653, 9654, 9655, 9855, 10055, 10056, 10057, 10257, 10457, 10657, 10857, 10858, 10859, 10860, 11060, 11061, 11062, 11063, 11064, 11065, 11265, 11465, 11665, 11865, 11866, 12066, 12266, 12267, 12467, 12667, 12867, 13067, 13267, 13268, 13269, 13270, 13271, 13272, 13273, 13274, 13275, 13276, 13277, 13278, 13279, 13479, 13679, 13680, 13880, 14080, 14280, 14281, 14282, 14283, 14284, 14285, 14286, 14486, 14487, 14488, 14688, 14888, 15088, 15288, 15289, 15489, 15490, 15491, 15492, 15493, 15293, 15294, 15295, 15296, 15297, 15298, 15299, 15300, 15301, 15501, 15701, 15901, 15902, 15903, 15904, 15905, 15906, 15907, 16107, 16108, 16109, 16110, 16111, 16112, 16113, 16114, 16115, 16116, 16117, 16118, 16119, 16120, 16121, 15921, 15922, 15923, 15924, 15925, 15926, 15927, 15727, 15728, 15729, 15730, 15930, 15931, 15932, 16132, 16332, 16333, 16533, 16733, 16734, 16735, 16736, 16936, 17136, 17137, 17138, 17139, 17140, 17340, 17341, 17342, 17542, 17742, 17942, 17943, 18143, 18343, 18344, 18345, 18346, 18347, 18348, 18148, 18149, 18150, 18151, 18152, 18153, 18154, 18155, 18156, 18157, 18158, 18159, 18160, 18161, 18162, 18163, 18164, 18165, 18166, 18167, 18367, 18567, 18568, 18569, 18570, 18571, 18771, 18772, 18773, 18774, 18775, 18975, 18976, 18977, 19177, 19178, 19179, 19180, 19380, 19381, 19581, 19582, 19583, 19584, 19585, 19586, 19587, 19387, 19388, 19588, 19589, 19590, 19591, 19592, 19593, 19594, 19595, 19596, 19796, 19996, 19997, 19998, 19999, 20000]
  - number of used nodes: 309
  - cost: 9667
Colours
  - colours: [1, 2, 4, 7, 9, 10, 11, 12, 13, 14, 15, 16, 21, 22, 26, 30, 40, 42, 43, 50, 53, 65, 66, 75, 77, 78, 85, 86, 88, 92, 93, 95, 99, 113, 114, 120, 122, 125, 130, 135, 142, 144, 147, 158, 159, 162, 163, 165, 174, 181, 188, 189, 197, 198, 199, 202, 203, 205, 210, 217, 218, 220, 221, 226, 228, 229, 231, 234, 236, 241, 245, 246, 248, 252, 253, 254, 260, 269, 270, 275, 276, 277, 285, 288, 292, 293, 299, 300, 301, 319, 330, 337, 339, 340, 341, 346, 347, 348, 351, 354, 359, 360, 361, 365, 367, 368, 369, 373, 374, 378, 380, 383, 389, 391, 392, 394, 402, 406, 409, 416, 417, 418, 419, 420, 426, 430, 434, 435, 437, 444, 445, 448, 451, 452, 455, 457, 459, 460, 463, 469, 472, 473, 476, 477, 478, 479, 481, 484, 485, 497, 503, 507, 514, 516, 517, 520, 527, 528, 530, 531, 540, 548, 550, 553, 558, 559, 560, 563, 564, 565, 570, 575, 576, 578, 580, 581, 586, 588, 593, 596, 598, 599, 600, 607, 608, 612, 616, 618, 619, 621, 623, 627, 634, 639, 643, 645, 649, 652, 654, 657, 661, 662, 663, 666, 667, 668, 671, 672, 673, 676, 677, 681, 682, 685, 686, 687, 690, 691, 693, 695, 696, 698, 699, 700, 706, 714, 719, 726, 727, 730, 735, 738, 747, 749, 756, 760, 764, 765, 767, 769, 772, 773, 778, 782, 784, 793]
  - number of used colours: 246
Time Colour Constrained Dijkstra Algorithm: 0.41
Time Reduction Algorithm: 0.15
Time Formulation: 16.27
Total time: 16.84
Gap: 2.710251370642392
Removed nodes percentage: 62.724999999999994
Removed arcs percentage: 64.63727959697734
More Removed arcs percentage: 2.592777263337842