Path
  - source node: 1
  - destination node: 20000
  - path: [1, 201, 401, 601, 801, 802, 803, 1003, 1203, 1204, 1404, 1604, 1605, 1805, 1806, 2006, 2206, 2207, 2208, 2209, 2409, 2609, 2809, 3009, 3209, 3409, 3410, 3610, 3810, 4010, 4011, 4012, 4212, 4213, 4214, 4215, 4415, 4615, 4616, 4617, 4618, 4418, 4419, 4420, 4421, 4422, 4622, 4822, 5022, 5023, 5024, 5224, 5225, 5226, 5426, 5427, 5627, 5628, 5629, 5829, 6029, 6030, 6230, 6231, 6232, 6432, 6433, 6434, 6634, 6834, 7034, 7234, 7235, 7236, 7237, 7437, 7438, 7638, 7639, 7640, 7641, 7841, 8041, 8042, 8242, 8243, 8244, 8444, 8445, 8446, 8646, 8647, 8847, 8848, 8849, 8850, 8851, 9051, 9251, 9252, 9452, 9652, 9653, 9853, 10053, 10054, 10055, 10056, 10256, 10456, 10457, 10458, 10459, 10659, 10859, 11059, 11259, 11260, 11261, 11461, 11661, 11662, 11862, 11863, 11864, 12064, 12065, 12066, 12067, 12068, 12069, 12070, 12071, 12072, 12073, 12074, 12274, 12474, 12674, 12675, 12676, 12677, 12678, 12679, 12680, 12681, 12682, 12683, 12684, 12685, 12686, 12886, 13086, 13286, 13486, 13686, 13886, 13887, 13888, 13889, 14089, 14090, 14290, 14490, 14491, 14492, 14493, 14494, 14294, 14295, 14296, 14297, 14298, 14299, 14499, 14500, 14501, 14502, 14702, 14902, 14903, 14904, 14905, 14906, 14907, 14908, 14909, 14910, 14911, 14912, 14913, 15113, 15114, 15115, 15116, 15117, 15118, 15119, 15120, 15121, 15321, 15322, 15522, 15722, 15723, 15724, 15725, 15925, 16125, 16126, 16127, 16327, 16328, 16528, 16728, 16928, 16929, 16930, 16931, 17131, 17132, 17133, 17134, 17135, 17335, 17535, 17536, 17537, 17538, 17539, 17540, 17340, 17341, 17342, 17343, 17344, 17345, 17346, 17347, 17348, 17349, 17350, 17150, 17151, 17152, 17153, 17353, 17354, 17355, 17356, 17556, 17557, 17558, 17559, 17560, 17561, 17562, 17762, 17763, 17963, 17964, 17965, 18165, 18166, 18167, 18168, 18169, 18170, 18370, 18371, 18372, 18373, 18374, 18375, 18376, 18576, 18577, 18777, 18778, 18779, 18979, 18980, 18981, 18982, 18983, 18984, 18985, 18986, 19186, 19187, 19188, 19388, 19389, 19390, 19590, 19591, 19592, 19792, 19793, 19794, 19994, 19995, 19996, 19997, 19998, 19999, 20000]
  - number of used nodes: 307
  - cost: 9705
Colours
  - colours: {512, 1, 515, 5, 518, 7, 9, 522, 523, 521, 14, 527, 528, 530, 20, 533, 22, 25, 542, 30, 544, 546, 36, 550, 40, 553, 555, 557, 48, 561, 51, 52, 565, 563, 55, 56, 568, 572, 62, 577, 66, 582, 585, 587, 77, 78, 79, 591, 81, 589, 83, 84, 85, 592, 601, 90, 89, 93, 606, 97, 98, 103, 105, 619, 620, 109, 623, 112, 627, 115, 628, 119, 121, 634, 635, 124, 125, 638, 126, 131, 133, 136, 651, 653, 142, 655, 141, 658, 148, 150, 152, 664, 154, 667, 668, 669, 670, 156, 671, 163, 676, 678, 167, 681, 170, 684, 172, 685, 175, 691, 181, 694, 698, 700, 190, 191, 702, 705, 706, 195, 192, 200, 201, 715, 717, 208, 722, 212, 727, 216, 730, 219, 220, 221, 734, 223, 224, 735, 225, 741, 229, 230, 742, 745, 744, 750, 240, 243, 756, 245, 246, 759, 247, 244, 250, 251, 764, 767, 772, 261, 263, 776, 777, 266, 779, 267, 778, 782, 780, 783, 268, 274, 787, 271, 273, 790, 272, 285, 289, 291, 296, 301, 302, 303, 304, 309, 310, 313, 314, 316, 320, 321, 324, 326, 328, 329, 330, 331, 332, 333, 270, 344, 346, 348, 351, 355, 358, 359, 366, 369, 371, 374, 376, 383, 384, 387, 394, 398, 402, 403, 404, 405, 406, 410, 414, 417, 418, 419, 426, 429, 436, 440, 444, 445, 446, 447, 451, 453, 454, 463, 466, 468, 469, 472, 479, 480, 481, 483, 489, 490, 491, 494, 495, 504, 511}
  - number of used colours: 255
Time Colour Constrained Dijkstra Algorithm: 0.42
Formulation time (on reduced graph): 0.0
Total time: 0.42
Gap: 0
Removed nodes percentage: -1
Removed arcs percentage: -1