Path
  - source node: 1
  - destination node: 20000
  - path: [1, 201, 401, 402, 403, 404, 405, 605, 606, 607, 608, 609, 610, 611, 612, 613, 614, 615, 616, 617, 618, 619, 620, 621, 622, 822, 1022, 1222, 1223, 1224, 1225, 1226, 1426, 1626, 1826, 1827, 2027, 2227, 2427, 2428, 2628, 2629, 2829, 2830, 3030, 3031, 3032, 3033, 3034, 3035, 3235, 3435, 3436, 3437, 3438, 3439, 3639, 3640, 3840, 4040, 4240, 4241, 4242, 4442, 4642, 4842, 4843, 4844, 4845, 5045, 5046, 5246, 5247, 5248, 5249, 5250, 5251, 5451, 5452, 5453, 5454, 5455, 5456, 5256, 5257, 5457, 5458, 5658, 5858, 5859, 5860, 6060, 6061, 6062, 6063, 6064, 6065, 6265, 6266, 6466, 6467, 6468, 6469, 6669, 6670, 6671, 6871, 6872, 6873, 6874, 7074, 7274, 7474, 7674, 7874, 7875, 8075, 8275, 8276, 8277, 8278, 8279, 8479, 8480, 8481, 8482, 8483, 8484, 8684, 8685, 8885, 8886, 9086, 9087, 9088, 9089, 9289, 9489, 9490, 9690, 9691, 9692, 9892, 9893, 9894, 9895, 10095, 10096, 10097, 10098, 10099, 10100, 10300, 10301, 10302, 10502, 10702, 10902, 10903, 10904, 11104, 11105, 11106, 11107, 10907, 10908, 10909, 10910, 11110, 11310, 11311, 11312, 11313, 11513, 11713, 11714, 11715, 11716, 11717, 11718, 11719, 11919, 11920, 11921, 11922, 11923, 11924, 12124, 12324, 12325, 12326, 12327, 12527, 12727, 12728, 12928, 12929, 13129, 13130, 13131, 13331, 13531, 13532, 13533, 13733, 13734, 13934, 13935, 13936, 13937, 13938, 13939, 14139, 14140, 14141, 14142, 14143, 14343, 14344, 14544, 14744, 14944, 15144, 15145, 15146, 15147, 15347, 15547, 15747, 15947, 15948, 15949, 15950, 15951, 15952, 15953, 15954, 15955, 15956, 15957, 15958, 15959, 15960, 16160, 16161, 16162, 16163, 16363, 16563, 16564, 16565, 16566, 16766, 16767, 16768, 16769, 16770, 16771, 16971, 16972, 16973, 16974, 17174, 17175, 17176, 17177, 17377, 17577, 17578, 17579, 17779, 17979, 17980, 17981, 17982, 17983, 18183, 18383, 18583, 18584, 18585, 18785, 18786, 18787, 18987, 18988, 18989, 18990, 18991, 18992, 18993, 19193, 19194, 19394, 19395, 19396, 19596, 19597, 19598, 19599, 19600, 19800, 20000]
  - number of used nodes: 303
  - cost: 9747
Colours
  - colours: [0, 2, 3, 4, 7, 8, 10, 12, 13, 20, 24, 25, 30, 31, 34, 37, 39, 43, 55, 56, 61, 64, 69, 70, 76, 78, 86, 88, 95, 99, 101, 112, 116, 118, 119, 123, 130, 133, 134, 137, 138, 141, 143, 147, 149, 154, 156, 157, 166, 168, 171, 172, 179, 182, 183, 190, 192, 193, 194, 196, 199, 203, 206, 207, 209, 210, 215, 218, 219, 220, 225, 228, 237, 239, 241, 249, 251, 254, 255, 256, 258, 262, 263, 266, 271, 275, 280, 282, 293, 295, 296, 298, 299, 300, 301, 303, 305, 307, 308, 311, 317, 318, 326, 329, 334, 338, 342, 345, 348, 354, 355, 356, 359, 361, 363, 365, 372, 373, 376, 383, 384, 386, 391, 398, 402, 404, 405, 409, 414, 416, 422, 423, 424, 426, 433, 438, 441, 446, 452, 454, 455, 458, 460, 463, 464, 465, 467, 472, 474, 482, 483, 485, 486, 488, 490, 491, 493, 494, 502, 518, 523, 529, 531, 539, 543, 545, 553, 554, 558, 559, 560, 564, 568, 569, 572, 577, 586, 590, 594, 595, 597, 599, 604, 606, 607, 610, 611, 613, 618, 619, 621, 622, 623, 624, 627, 628, 632, 637, 644, 652, 653, 657, 658, 660, 661, 663, 671, 674, 679, 681, 684, 687, 688, 689, 691, 693, 694, 695, 696, 697, 705, 710, 714, 715, 721, 726, 730, 733, 735, 737, 741, 743, 751, 755, 758, 761, 763, 767, 772, 776, 777, 783, 790, 791, 792, 793]
  - number of used colours: 246
Time Colour Constrained Dijkstra Algorithm: 1.05
Formulation time (on reduced graph): 1.43
Total time: 2.48
Gap: 0.22571047501795424
Removed nodes percentage: 94.43
Removed arcs percentage: 96.15365239294711