Path
  - source node: 1
  - destination node: 20000
  - path: [1, 2, 3, 203, 403, 603, 803, 1003, 1004, 1204, 1404, 1405, 1406, 1407, 1408, 1608, 1808, 2008, 2208, 2209, 2210, 2211, 2212, 2213, 2214, 2215, 2216, 2217, 2417, 2418, 2419, 2420, 2620, 2820, 2821, 2822, 2823, 2824, 2825, 3025, 3026, 3027, 3028, 2828, 2829, 2830, 2831, 3031, 3032, 3232, 3233, 3433, 3434, 3435, 3635, 3636, 3836, 3837, 3838, 4038, 4238, 4239, 4439, 4639, 4839, 5039, 5040, 5041, 5042, 5043, 5044, 5045, 5046, 5246, 5446, 5447, 5647, 5847, 5848, 6048, 6248, 6448, 6648, 6649, 6849, 7049, 7050, 7051, 7052, 7053, 7054, 7055, 7056, 7057, 7257, 7258, 7458, 7459, 7659, 7859, 7860, 7861, 7862, 8062, 8063, 8064, 8065, 8265, 8266, 8267, 8467, 8468, 8469, 8669, 8670, 8671, 8672, 8673, 8674, 8874, 8875, 8876, 8877, 8878, 9078, 9079, 9080, 9081, 9281, 9282, 9482, 9483, 9484, 9485, 9486, 9487, 9488, 9489, 9490, 9690, 9691, 9891, 9892, 9893, 9894, 9895, 10095, 10295, 10296, 10496, 10696, 10697, 10698, 10898, 10899, 10900, 10901, 10902, 10903, 11103, 11104, 11105, 11106, 11107, 11108, 11109, 11110, 11111, 11112, 11312, 11313, 11314, 11315, 11316, 11317, 11318, 11319, 11519, 11520, 11720, 11920, 11921, 11922, 12122, 12322, 12522, 12523, 12723, 12724, 12725, 12726, 12727, 12728, 12729, 12929, 12930, 12931, 13131, 13132, 13133, 13134, 13334, 13534, 13535, 13735, 13935, 13936, 14136, 14336, 14337, 14338, 14339, 14340, 14341, 14541, 14542, 14742, 14743, 14943, 14944, 15144, 15145, 15345, 15545, 15546, 15547, 15548, 15549, 15749, 15949, 15950, 16150, 16350, 16351, 16352, 16552, 16553, 16554, 16555, 16556, 16557, 16757, 16758, 16958, 16959, 16960, 16961, 16962, 16963, 17163, 17164, 17364, 17365, 17366, 17367, 17567, 17568, 17569, 17769, 17969, 18169, 18369, 18569, 18570, 18571, 18572, 18573, 18574, 18575, 18576, 18577, 18578, 18579, 18779, 18979, 18980, 18981, 18982, 18983, 18984, 19184, 19185, 19186, 19187, 19387, 19388, 19389, 19390, 19391, 19392, 19393, 19394, 19395, 19396, 19596, 19796, 19996, 19997, 19998, 19999, 20000]
  - number of used nodes: 301
  - cost: 9847
Colours
  - colours: [1, 3, 5, 7, 15, 16, 25, 27, 29, 33, 34, 36, 38, 39, 48, 49, 58, 60, 61, 62, 63, 65, 73, 74, 77, 79, 85, 86, 88, 90, 98, 104, 105, 110, 114, 115, 117, 118, 119, 120, 121, 122, 124, 129, 132, 135, 141, 148, 150, 153, 158, 161, 163, 165, 166, 167, 170, 171, 172, 173, 177, 178, 179, 182, 185, 186, 191, 193, 196, 198, 200, 201, 207, 216, 218, 224, 232, 233, 236, 239, 243, 244, 250, 251, 252, 254, 255, 259, 260, 269, 273, 278, 286, 290, 291, 293, 300, 302, 307, 308, 309, 310, 312, 313, 314, 316, 320, 324, 327, 330, 335, 336, 337, 339, 344, 347, 349, 356, 359, 360, 367, 369, 374, 378, 383, 387, 389, 390, 391, 393, 395, 399, 405, 407, 416, 421, 422, 426, 430, 432, 433, 438, 441, 446, 454, 463, 464, 470, 474, 475, 476, 478, 483, 486, 487, 490, 493, 511, 514, 515, 520, 521, 522, 524, 527, 529, 531, 532, 533, 536, 537, 538, 544, 546, 547, 551, 553, 564, 569, 572, 583, 584, 588, 589, 590, 591, 592, 593, 596, 597, 602, 606, 610, 611, 613, 615, 622, 623, 625, 626, 627, 630, 631, 639, 646, 647, 653, 655, 656, 659, 665, 667, 675, 676, 678, 682, 683, 684, 688, 689, 692, 695, 696, 705, 708, 710, 715, 725, 731, 732, 736, 737, 739, 741, 748, 751, 765, 766, 769, 776, 777, 778, 779, 784, 785, 788, 792]
  - number of used colours: 247
Time Colour Constrained Dijkstra Algorithm: 0.27
Total time: 0.4
Gap: 0.0
Removed nodes percentage: 97.785
Removed arcs percentage: 98.727959697733