Path
  - source node: 1
  - destination node: 20000
  - path: [1, 2, 3, 4, 204, 205, 206, 207, 208, 209, 409, 410, 411, 412, 212, 213, 214, 414, 415, 416, 616, 617, 618, 818, 819, 820, 821, 1021, 1221, 1222, 1223, 1423, 1424, 1624, 1625, 1626, 1627, 1628, 1828, 2028, 2228, 2428, 2628, 2629, 2829, 3029, 3229, 3230, 3430, 3431, 3631, 3632, 3633, 3833, 3834, 4034, 4035, 4235, 4236, 4237, 4437, 4438, 4439, 4440, 4640, 4641, 4642, 4643, 4644, 4844, 4845, 4846, 4847, 4848, 4849, 4649, 4650, 4651, 4652, 4653, 4853, 5053, 5253, 5254, 5255, 5055, 5056, 5256, 5456, 5656, 5657, 5857, 5858, 5859, 6059, 6060, 6061, 6062, 6063, 6064, 6065, 6066, 6266, 6267, 6467, 6667, 6867, 7067, 7267, 7467, 7468, 7668, 7669, 7869, 7870, 8070, 8270, 8470, 8670, 8671, 8871, 8872, 9072, 9073, 9273, 9274, 9275, 9276, 9076, 9077, 9078, 9079, 9080, 9081, 9082, 9282, 9283, 9284, 9484, 9485, 9486, 9487, 9488, 9489, 9490, 9491, 9492, 9493, 9494, 9694, 9695, 9696, 9697, 9698, 9699, 9700, 9701, 9702, 9902, 9903, 9904, 9905, 9906, 9706, 9707, 9907, 9908, 10108, 10308, 10508, 10708, 10709, 10710, 10910, 10911, 10912, 10913, 11113, 11313, 11314, 11315, 11515, 11715, 11915, 11916, 12116, 12316, 12317, 12517, 12717, 12917, 13117, 13118, 13119, 13120, 13121, 13122, 13123, 13323, 13523, 13723, 13923, 13924, 13925, 14125, 14325, 14326, 14327, 14328, 14528, 14529, 14530, 14531, 14532, 14533, 14534, 14734, 14735, 14736, 14737, 14738, 14739, 14740, 14940, 15140, 15141, 15142, 15342, 15542, 15742, 15743, 15943, 16143, 16343, 16543, 16544, 16545, 16745, 16746, 16747, 16748, 16749, 16750, 16751, 16752, 16952, 17152, 17153, 17154, 17354, 17355, 17555, 17755, 17756, 17757, 17957, 17958, 17959, 18159, 18359, 18559, 18560, 18760, 18761, 18762, 18763, 18764, 18964, 18965, 18966, 18967, 18968, 18969, 18970, 18971, 19171, 19371, 19372, 19373, 19374, 19375, 19376, 19377, 19177, 19178, 19179, 19180, 19181, 19182, 19183, 19184, 19384, 19385, 19386, 19186, 19187, 19188, 19189, 19389, 19589, 19590, 19591, 19592, 19593, 19594, 19595, 19795, 19995, 19996, 19997, 19998, 19999, 20000]
  - number of used nodes: 313
  - cost: 9131
Colours
  - colours: {3, 4, 7, 8, 12, 14, 15, 23, 26, 29, 35, 38, 43, 44, 53, 54, 58, 59, 62, 64, 67, 69, 76, 79, 80, 85, 87, 88, 89, 91, 93, 94, 101, 102, 108, 115, 116, 122, 123, 126, 129, 132, 136, 137, 138, 139, 144, 148, 149, 156, 161, 162, 167, 170, 171, 176, 180, 184, 186, 188, 189, 192, 194, 200, 202, 207, 211, 214, 215, 220, 221, 228, 229, 237, 239, 241, 244, 250, 254, 258, 260, 265, 270, 275, 276, 278, 284, 286, 287, 290, 292, 296, 299, 302, 304, 307, 309, 313, 315, 317, 318, 319, 324, 328, 330, 341, 345, 347, 351, 352, 357, 365, 366, 367, 368, 372, 376, 378, 382, 383, 384, 391, 397, 401, 402, 406, 420, 422, 425, 426, 432, 433, 434, 435, 437, 439, 440, 441, 442, 445, 451, 458, 459, 460, 462, 465, 466, 469, 472, 474, 475, 481, 482, 484, 485, 489, 492, 500, 503, 505, 507, 508, 517, 521, 524, 525, 528, 529, 530, 533, 534, 536, 537, 540, 545, 546, 547, 549, 552, 556, 557, 558, 561, 563, 564, 571, 572, 577, 579, 580, 584, 588, 589, 590, 595, 596, 598, 600, 602, 603, 606, 609, 612, 615, 617, 618, 620, 621, 622, 623, 625, 627, 634, 635, 641, 644, 645, 647, 649, 650, 654, 657, 662, 664, 665, 668, 672, 673, 682, 684, 685, 686, 693, 699, 703, 705, 706, 717, 718, 721, 722, 723, 724, 727, 729, 733, 735, 743, 745, 754, 756, 758, 763, 769, 777, 780, 791}
  - number of used colours: 257
Time Colour Constrained Dijkstra Algorithm: 0.09
Time Reduction Algorithm: 0
Time Formulation: 0
Total time: 0.09
Gap: 0
Removed nodes percentage: -1
Removed arcs percentage: -1
More Removed arcs percentage: -1

=================================================================================
Time complete formulation: 63.48
Path
  - source node: 1
  - destination node: 20000
  - path: [1, 2, 3, 4, 204, 205, 206, 207, 208, 209, 409, 410, 411, 412, 212, 213, 214, 414, 415, 416, 616, 617, 618, 818, 819, 820, 821, 1021, 1221, 1222, 1223, 1423, 1424, 1624, 1625, 1626, 1627, 1628, 1828, 2028, 2228, 2428, 2628, 2629, 2829, 3029, 3229, 3230, 3430, 3431, 3631, 3632, 3633, 3833, 3834, 4034, 4035, 4235, 4236, 4237, 4437, 4438, 4439, 4440, 4640, 4641, 4642, 4643, 4644, 4844, 4845, 4846, 4847, 4848, 4849, 4649, 4650, 4651, 4652, 4653, 4853, 5053, 5253, 5254, 5255, 5055, 5056, 5256, 5456, 5656, 5657, 5857, 5858, 5859, 6059, 6060, 6061, 6062, 6063, 6064, 6065, 6066, 6266, 6267, 6467, 6667, 6867, 7067, 7267, 7467, 7468, 7668, 7669, 7869, 7870, 8070, 8270, 8470, 8670, 8671, 8871, 8872, 9072, 9073, 9273, 9274, 9275, 9276, 9076, 9077, 9078, 9079, 9080, 9081, 9082, 9282, 9283, 9284, 9484, 9485, 9486, 9487, 9488, 9489, 9490, 9491, 9492, 9493, 9494, 9694, 9695, 9696, 9697, 9698, 9699, 9700, 9701, 9702, 9902, 9903, 9904, 9905, 9906, 9706, 9707, 9907, 9908, 10108, 10308, 10508, 10708, 10709, 10710, 10910, 10911, 10912, 10913, 11113, 11313, 11314, 11315, 11515, 11715, 11915, 11916, 12116, 12316, 12317, 12517, 12717, 12917, 13117, 13118, 13119, 13120, 13121, 13122, 13123, 13323, 13523, 13723, 13923, 13924, 13925, 14125, 14325, 14326, 14327, 14328, 14528, 14529, 14530, 14531, 14532, 14533, 14534, 14734, 14735, 14736, 14737, 14738, 14739, 14740, 14940, 15140, 15141, 15142, 15342, 15542, 15742, 15743, 15943, 16143, 16343, 16543, 16544, 16545, 16745, 16746, 16747, 16748, 16749, 16750, 16751, 16752, 16952, 17152, 17153, 17154, 17354, 17355, 17555, 17755, 17756, 17757, 17957, 17958, 17959, 18159, 18359, 18559, 18560, 18760, 18761, 18762, 18763, 18764, 18964, 18965, 18966, 18967, 18968, 18969, 18970, 18971, 19171, 19371, 19372, 19373, 19374, 19375, 19376, 19377, 19177, 19178, 19179, 19180, 19181, 19182, 19183, 19184, 19384, 19385, 19386, 19186, 19187, 19188, 19189, 19389, 19589, 19590, 19591, 19592, 19593, 19594, 19595, 19795, 19995, 19996, 19997, 19998, 19999, 20000]
  - number of used nodes: 313
  - cost: 9131
Colours
  - colours: [3, 4, 7, 8, 12, 14, 15, 23, 26, 29, 35, 38, 43, 44, 53, 54, 58, 59, 62, 64, 67, 69, 76, 79, 80, 85, 87, 88, 89, 91, 93, 94, 101, 102, 108, 115, 116, 122, 123, 126, 129, 132, 136, 137, 138, 139, 144, 148, 149, 156, 161, 162, 167, 170, 171, 176, 180, 184, 186, 188, 189, 192, 194, 200, 202, 207, 211, 214, 215, 220, 221, 228, 229, 237, 239, 241, 244, 250, 254, 258, 260, 265, 270, 275, 276, 278, 284, 286, 287, 290, 292, 296, 299, 302, 304, 307, 309, 313, 315, 317, 318, 319, 324, 328, 330, 341, 345, 347, 351, 352, 357, 365, 366, 367, 368, 372, 376, 378, 382, 383, 384, 391, 397, 401, 402, 406, 420, 422, 425, 426, 432, 433, 434, 435, 437, 439, 440, 441, 442, 445, 451, 458, 459, 460, 462, 465, 466, 469, 472, 474, 475, 481, 482, 484, 485, 489, 492, 500, 503, 505, 507, 508, 517, 521, 524, 525, 528, 529, 530, 533, 534, 536, 537, 540, 545, 546, 547, 549, 552, 556, 557, 558, 561, 563, 564, 571, 572, 577, 579, 580, 584, 588, 589, 590, 595, 596, 598, 600, 602, 603, 606, 609, 612, 615, 617, 618, 620, 621, 622, 623, 625, 627, 634, 635, 641, 644, 645, 647, 649, 650, 654, 657, 662, 664, 665, 668, 672, 673, 682, 684, 685, 686, 693, 699, 703, 705, 706, 717, 718, 721, 722, 723, 724, 727, 729, 733, 735, 743, 745, 754, 756, 758, 763, 769, 777, 780, 791]
  - number of used colours: 257


RILP Time NO EXTRA REDUCTION: 0.09
