Path
  - source node: 1
  - destination node: 20000
  - path: [1, 201, 202, 203, 403, 603, 803, 804, 805, 1005, 1205, 1405, 1605, 1805, 1806, 1807, 1808, 1809, 2009, 2209, 2409, 2609, 2809, 3009, 3010, 3011, 3012, 3212, 3412, 3612, 3613, 3614, 3615, 3616, 3816, 4016, 4017, 4217, 4218, 4219, 4220, 4221, 4222, 4223, 4423, 4623, 4624, 4824, 4825, 4826, 4827, 5027, 5028, 5228, 5428, 5429, 5629, 5630, 5631, 5632, 5633, 5634, 5635, 5636, 5637, 5638, 5838, 5839, 5840, 5841, 6041, 6042, 6043, 6044, 6244, 6245, 6246, 6446, 6447, 6448, 6648, 6848, 6849, 7049, 7249, 7449, 7450, 7451, 7452, 7453, 7454, 7455, 7655, 7656, 7657, 7857, 8057, 8257, 8457, 8458, 8459, 8460, 8461, 8462, 8662, 8663, 8863, 8864, 8865, 8866, 9066, 9067, 9068, 9069, 9070, 9270, 9271, 9272, 9472, 9672, 9673, 9873, 9874, 10074, 10274, 10474, 10475, 10476, 10477, 10478, 10479, 10679, 10680, 10681, 10682, 10882, 11082, 11282, 11283, 11483, 11484, 11485, 11486, 11487, 11687, 11688, 11888, 12088, 12089, 12090, 12290, 12291, 12292, 12293, 12294, 12295, 12296, 12297, 12298, 12299, 12300, 12301, 12302, 12303, 12304, 12305, 12505, 12506, 12507, 12508, 12509, 12510, 12511, 12311, 12312, 12313, 12314, 12315, 12316, 12317, 12517, 12518, 12519, 12520, 12521, 12522, 12523, 12524, 12525, 12526, 12726, 12727, 12728, 12729, 12730, 12930, 13130, 13131, 13132, 13332, 13333, 13334, 13335, 13535, 13735, 13736, 13737, 13937, 13938, 13939, 13940, 14140, 14141, 14142, 14143, 14144, 14145, 13945, 13946, 13947, 13948, 13949, 13950, 13951, 13952, 13953, 14153, 14154, 14354, 14355, 14356, 14357, 14358, 14359, 14159, 14160, 14161, 14162, 14163, 14363, 14563, 14763, 14764, 14765, 14766, 14767, 14768, 14769, 14969, 14970, 14971, 15171, 15172, 15372, 15373, 15573, 15773, 15973, 15974, 15975, 16175, 16375, 16376, 16576, 16776, 16976, 16977, 17177, 17178, 17378, 17578, 17579, 17580, 17581, 17381, 17382, 17383, 17384, 17385, 17585, 17586, 17786, 17787, 17788, 17789, 17790, 17791, 17991, 17992, 17993, 18193, 18393, 18593, 18793, 18993, 18994, 19194, 19394, 19395, 19396, 19397, 19597, 19797, 19798, 19799, 19800, 20000]
  - number of used nodes: 307
  - cost: 9605
Colours
  - colours: {4, 5124, 6148, 9228, 18, 13336, 11296, 8225, 4130, 14373, 11303, 13355, 8238, 14384, 13362, 14388, 9269, 13374, 15422, 10303, 10307, 3140, 3145, 8265, 77, 8270, 6223, 6228, 86, 11353, 9306, 2144, 10346, 8300, 9327, 3184, 15473, 7279, 1138, 7287, 123, 1166, 13454, 4240, 12432, 148, 7316, 4253, 7327, 9380, 13479, 10419, 4276, 15542, 9401, 10426, 8377, 9412, 5318, 8394, 5326, 2256, 8404, 15574, 12503, 2263, 10459, 2267, 15582, 11487, 5347, 4327, 11498, 9455, 11504, 5362, 9459, 251, 4348, 6395, 252, 6405, 14597, 11532, 4364, 10511, 5402, 289, 1315, 293, 11560, 14635, 15661, 14639, 9527, 312, 7481, 10552, 11584, 12615, 7497, 4426, 11595, 3403, 15691, 14675, 3414, 346, 9565, 1378, 15715, 12643, 10598, 10599, 2411, 9582, 12667, 4476, 1404, 1409, 9606, 10641, 9617, 13718, 12694, 14747, 8605, 2464, 11684, 1447, 9640, 15784, 11691, 11695, 4535, 12732, 9662, 447, 4542, 15810, 15819, 460, 11725, 13774, 7631, 1486, 1490, 13780, 15832, 13786, 11740, 13789, 11747, 15845, 14828, 12785, 15862, 3576, 6654, 11774, 11775, 12803, 14856, 2573, 2575, 12824, 2594, 12845, 10798, 5682, 7732, 5685, 12855, 6716, 11837, 7741, 1605, 6732, 3666, 4692, 1625, 13917, 6751, 9828, 8808, 4715, 7788, 12909, 10867, 9851, 3710, 2687, 8832, 8831, 12930, 4744, 11926, 3734, 7837, 1696, 2721, 10918, 12970, 684, 4780, 9902, 4782, 10935, 3770, 12992, 5826, 6851, 9922, 12997, 7880, 1738, 5834, 3789, 15054, 2768, 1745, 14033, 15081, 3818, 13036, 9972, 8949, 757, 5879, 4854, 13047, 12026, 6907, 12025, 12038, 6919, 12045, 8983, 5916, 15150, 6968, 13113, 10042, 827, 837, 12101, 2889, 12107, 6991, 2910, 8030, 12142, 8054, 3960, 13177, 14203, 9084, 6019, 1923, 14214, 3976, 11144, 14218, 1928, 2957, 8079, 10127, 923, 5019, 1949, 9117, 10147, 8101, 7081, 10158, 12208, 12209, 14270, 6080, 10177, 965, 1993, 970, 6090, 13259, 3031, 984, 7131, 7134, 2018, 6114, 5093, 8166, 10216, 14312, 9194, 6125, 4082, 14323, 2038, 9210, 12283}
  - number of used colours: 302
Time Colour Constrained Dijkstra Algorithm: 0.1
Total time: 0.1
Gap: 0
Removed nodes percentage: -1
Removed arcs percentage: -1