Path
  - source node: 1
  - destination node: 20000
  - path: [1, 201, 401, 402, 403, 603, 604, 605, 805, 806, 1006, 1007, 1008, 1009, 1010, 1011, 1211, 1212, 1213, 1214, 1215, 1415, 1416, 1417, 1418, 1618, 1818, 2018, 2019, 2020, 2021, 2221, 2421, 2621, 2821, 3021, 3221, 3421, 3621, 3821, 4021, 4022, 4222, 4422, 4423, 4424, 4425, 4426, 4427, 4627, 4628, 4629, 4829, 4830, 5030, 5230, 5231, 5232, 5233, 5433, 5633, 5833, 5834, 6034, 6234, 6235, 6435, 6635, 6636, 6836, 7036, 7236, 7436, 7437, 7637, 7837, 7838, 7839, 7840, 7841, 7842, 7843, 7844, 8044, 8244, 8245, 8246, 8446, 8646, 8846, 9046, 9047, 9247, 9248, 9448, 9449, 9450, 9451, 9452, 9453, 9653, 9654, 9655, 9855, 10055, 10056, 10057, 10257, 10457, 10657, 10857, 10858, 10859, 10860, 11060, 11061, 11062, 11063, 11064, 11065, 11265, 11465, 11665, 11865, 11866, 12066, 12266, 12267, 12467, 12667, 12668, 12669, 12869, 13069, 13070, 13071, 13271, 13272, 13273, 13274, 13275, 13276, 13277, 13278, 13279, 13479, 13679, 13680, 13880, 14080, 14280, 14281, 14282, 14283, 14284, 14285, 14286, 14486, 14487, 14488, 14688, 14888, 15088, 15288, 15289, 15489, 15490, 15491, 15492, 15493, 15293, 15294, 15295, 15296, 15297, 15298, 15299, 15300, 15301, 15501, 15701, 15901, 15902, 15903, 15904, 15905, 15906, 15907, 16107, 16108, 16109, 16110, 16111, 16112, 16113, 16114, 16115, 16116, 16117, 16118, 16119, 16120, 16121, 15921, 15922, 15923, 15924, 15925, 15926, 15927, 15727, 15728, 15729, 15730, 15930, 15931, 15932, 16132, 16332, 16333, 16533, 16733, 16734, 16735, 16736, 16936, 17136, 17137, 17138, 17139, 17140, 17340, 17341, 17342, 17343, 17344, 17345, 17346, 17347, 17348, 17349, 17350, 17351, 17551, 17552, 17553, 17753, 17754, 17755, 17756, 17757, 17957, 17958, 17959, 17960, 17961, 17962, 18162, 18163, 18164, 18165, 18166, 18167, 18367, 18567, 18568, 18569, 18570, 18571, 18771, 18772, 18773, 18774, 18775, 18776, 18777, 18778, 18779, 18780, 18781, 18782, 18982, 19182, 19183, 19184, 19185, 19186, 19386, 19387, 19388, 19588, 19589, 19590, 19591, 19592, 19593, 19594, 19595, 19596, 19796, 19996, 19997, 19998, 19999, 20000]
  - number of used nodes: 305
  - cost: 9656
Colours
  - colours: [8197, 38, 88, 8343, 150, 8375, 8380, 188, 205, 8408, 238, 257, 279, 281, 334, 8539, 8611, 448, 8694, 523, 8718, 8723, 8749, 8880, 8907, 765, 8967, 8975, 819, 9033, 9048, 859, 866, 925, 926, 9155, 9158, 9189, 9192, 9197, 1016, 9262, 1070, 9318, 9388, 9448, 9474, 1316, 9521, 1335, 9529, 9562, 9599, 9638, 9683, 1547, 1567, 9836, 1664, 1700, 1732, 9943, 1768, 1857, 10069, 1878, 10072, 10075, 1901, 10151, 1984, 10295, 10332, 10353, 10370, 2214, 10417, 2276, 2285, 10547, 10568, 10593, 2407, 2445, 2451, 2501, 2514, 2611, 10810, 10877, 2709, 2711, 10979, 11007, 2846, 11060, 11073, 2888, 2896, 2956, 2961, 11169, 11185, 11212, 11268, 11283, 11317, 3174, 3186, 3274, 3300, 3304, 11514, 11536, 11546, 11567, 11611, 11632, 3497, 11723, 11736, 11737, 3600, 11867, 11869, 3694, 11930, 3760, 11961, 3773, 3785, 11997, 12016, 12017, 3830, 3933, 3940, 3949, 12149, 12169, 3988, 12241, 4064, 12335, 12373, 12387, 4219, 12423, 12427, 12460, 12468, 12540, 4348, 4402, 4409, 4424, 12686, 12693, 12717, 4538, 12751, 4568, 4589, 12793, 12803, 4630, 12871, 4694, 4724, 12989, 4820, 13052, 13083, 4919, 4923, 4962, 13154, 4967, 4987, 13225, 13230, 5046, 13245, 5063, 13270, 5098, 13320, 13335, 5150, 13346, 13347, 13367, 5200, 5208, 13428, 13459, 13470, 13532, 13544, 5392, 5413, 13627, 5505, 13700, 13704, 5517, 13725, 5537, 13734, 13737, 5559, 13752, 13808, 13829, 13870, 5703, 13901, 5717, 13936, 5779, 13972, 13999, 14000, 5856, 14051, 5870, 5905, 5983, 6006, 6024, 14281, 14282, 14320, 14399, 14493, 14528, 14550, 6398, 14603, 14685, 14695, 14715, 14760, 14762, 6600, 6649, 6702, 6747, 14953, 6787, 14992, 6813, 15050, 6902, 6934, 15128, 6972, 15207, 7037, 7085, 15293, 7106, 15312, 15342, 15392, 7217, 7228, 7237, 15444, 15466, 15535, 7355, 7369, 15567, 7381, 15644, 7468, 7487, 15693, 7521, 7562, 7576, 7610, 15840, 7669, 15878, 7731, 7770, 7796, 7834, 7847, 7854, 7880, 8044, 8115, 8132, 8183]
  - number of used colours: 297
Time Colour Constrained Dijkstra Algorithm: 0.44
Time Reduction Algorithm: 0.14
Time Formulation: 1.43
Total time: 2.02
Gap: 0.9631317315658657
Removed nodes percentage: 85.82499999999999
Removed arcs percentage: 87.47858942065491
More Removed arcs percentage: 5.471736069201372