Path
  - source node: 1
  - destination node: 20000
  - path: [1, 2, 3, 4, 204, 205, 206, 207, 208, 209, 409, 410, 411, 412, 212, 213, 214, 414, 415, 416, 616, 617, 618, 818, 819, 820, 821, 1021, 1221, 1222, 1223, 1423, 1424, 1624, 1625, 1626, 1627, 1628, 1828, 2028, 2228, 2428, 2628, 2629, 2829, 3029, 3229, 3230, 3430, 3431, 3631, 3632, 3633, 3833, 3834, 4034, 4035, 4235, 4236, 4237, 4437, 4438, 4439, 4440, 4640, 4641, 4642, 4643, 4644, 4844, 4845, 4846, 4847, 4848, 4849, 4649, 4650, 4651, 4652, 4653, 4853, 5053, 5253, 5254, 5255, 5055, 5056, 5256, 5456, 5656, 5657, 5857, 5858, 5859, 6059, 6060, 6061, 6062, 6063, 6064, 6065, 6066, 6266, 6267, 6467, 6667, 6867, 7067, 7267, 7467, 7468, 7668, 7669, 7869, 7870, 8070, 8270, 8470, 8670, 8671, 8871, 8872, 9072, 9073, 9273, 9274, 9275, 9276, 9076, 9077, 9078, 9079, 9080, 9081, 9082, 9282, 9283, 9284, 9484, 9485, 9486, 9487, 9488, 9489, 9490, 9491, 9492, 9493, 9494, 9694, 9695, 9696, 9697, 9698, 9699, 9700, 9701, 9702, 9902, 9903, 9904, 9905, 9906, 9706, 9707, 9907, 9908, 10108, 10308, 10508, 10708, 10709, 10710, 10910, 10911, 10912, 10913, 11113, 11313, 11314, 11315, 11515, 11715, 11915, 11916, 12116, 12316, 12317, 12517, 12717, 12917, 13117, 13118, 13119, 13120, 13121, 13122, 13123, 13323, 13523, 13723, 13923, 13924, 13925, 14125, 14325, 14326, 14327, 14328, 14528, 14529, 14530, 14531, 14532, 14533, 14534, 14734, 14735, 14736, 14737, 14738, 14739, 14740, 14940, 15140, 15141, 15142, 15342, 15542, 15742, 15743, 15943, 16143, 16343, 16543, 16544, 16545, 16745, 16746, 16747, 16748, 16749, 16750, 16751, 16752, 16952, 17152, 17153, 17154, 17354, 17355, 17555, 17755, 17756, 17757, 17957, 17958, 17959, 18159, 18359, 18559, 18560, 18760, 18761, 18762, 18763, 18764, 18964, 18965, 18966, 18967, 18968, 18969, 18970, 18971, 19171, 19371, 19372, 19373, 19374, 19375, 19376, 19377, 19177, 19178, 19179, 19180, 19181, 19182, 19183, 19184, 19384, 19385, 19386, 19186, 19187, 19188, 19189, 19389, 19589, 19590, 19591, 19592, 19593, 19594, 19595, 19795, 19995, 19996, 19997, 19998, 19999, 20000]
  - number of used nodes: 313
  - cost: 9131
Colours
  - colours: {2048, 6146, 14343, 14345, 14347, 11276, 11281, 12308, 15389, 12318, 14370, 15395, 6184, 9256, 5160, 4145, 1076, 3124, 13366, 3129, 13374, 12353, 1092, 68, 12371, 5204, 85, 87, 9305, 14430, 10340, 14436, 9323, 14452, 2165, 6269, 12415, 14472, 12425, 1162, 13452, 4238, 7311, 1168, 14483, 148, 12442, 157, 3230, 7330, 163, 13475, 11429, 6310, 12454, 9383, 1186, 3242, 11437, 7348, 12469, 10429, 4285, 5311, 15552, 11457, 6343, 7373, 4306, 14549, 12503, 6360, 1245, 8415, 9440, 9454, 6384, 14580, 6391, 8443, 15613, 10494, 2303, 256, 1282, 14595, 12549, 1285, 14599, 10501, 9482, 1292, 3344, 2321, 3348, 281, 9498, 11552, 5408, 7459, 294, 9512, 305, 4401, 314, 8512, 14661, 10566, 11592, 1352, 3404, 13647, 4439, 8538, 11611, 10589, 6497, 11618, 10597, 1385, 3439, 7537, 13686, 13687, 10614, 10619, 14719, 7561, 5516, 13708, 2447, 5524, 12695, 9627, 13726, 2466, 12708, 6566, 12711, 9643, 11693, 10676, 3521, 5572, 10695, 8649, 10697, 3532, 15824, 15825, 6614, 4568, 7641, 6618, 4572, 2526, 479, 8670, 10721, 15838, 9699, 2536, 8680, 4596, 9716, 7679, 11776, 1537, 10754, 7681, 8704, 11784, 8717, 11795, 534, 3609, 11802, 14874, 3617, 2596, 12837, 8742, 13871, 1587, 14901, 9783, 5694, 10819, 587, 1611, 8790, 12892, 2653, 5728, 3681, 8807, 12904, 5744, 3699, 12917, 11900, 9855, 8833, 4741, 12940, 3726, 7822, 8850, 11931, 10908, 11932, 6820, 13992, 1707, 4780, 2735, 5809, 10932, 2741, 5814, 3769, 12991, 10944, 703, 11968, 3787, 8908, 13005, 715, 4820, 1752, 1754, 5851, 2779, 2786, 12007, 1770, 10986, 1784, 6905, 15099, 14078, 1792, 3843, 776, 12041, 12044, 7949, 12049, 4884, 10009, 1820, 6943, 11040, 15137, 13087, 1827, 5924, 14115, 12071, 3892, 15161, 14139, 2889, 10060, 1869, 9037, 2899, 1881, 5985, 865, 8035, 13156, 12129, 8055, 10106, 7034, 11132, 891, 893, 7053, 11152, 12180, 2968, 12186, 5019, 15260, 6045, 10142, 6047, 11174, 2989, 4019, 2996, 10167, 13240, 8121, 6098, 4050, 11223, 9175, 9184, 5089, 12256, 2024, 13289, 7149, 13300, 9208}
  - number of used colours: 309
Time Colour Constrained Dijkstra Algorithm: 0.09
Time Reduction Algorithm: 0
Time Formulation: 0
Total time: 0.09
Gap: 0
Removed nodes percentage: -1
Removed arcs percentage: -1
More Removed arcs percentage: -1
=================================================================================
Time complete formulation: 65.02
Path
  - source node: 1
  - destination node: 20000
  - path: [1, 2, 3, 4, 204, 205, 206, 207, 208, 209, 409, 410, 411, 412, 212, 213, 214, 414, 415, 416, 616, 617, 618, 818, 819, 820, 821, 1021, 1221, 1222, 1223, 1423, 1424, 1624, 1625, 1626, 1627, 1628, 1828, 2028, 2228, 2428, 2628, 2629, 2829, 3029, 3229, 3230, 3430, 3431, 3631, 3632, 3633, 3833, 3834, 4034, 4035, 4235, 4236, 4237, 4437, 4438, 4439, 4440, 4640, 4641, 4642, 4643, 4644, 4844, 4845, 4846, 4847, 4848, 4849, 4649, 4650, 4651, 4652, 4653, 4853, 5053, 5253, 5254, 5255, 5055, 5056, 5256, 5456, 5656, 5657, 5857, 5858, 5859, 6059, 6060, 6061, 6062, 6063, 6064, 6065, 6066, 6266, 6267, 6467, 6667, 6867, 7067, 7267, 7467, 7468, 7668, 7669, 7869, 7870, 8070, 8270, 8470, 8670, 8671, 8871, 8872, 9072, 9073, 9273, 9274, 9275, 9276, 9076, 9077, 9078, 9079, 9080, 9081, 9082, 9282, 9283, 9284, 9484, 9485, 9486, 9487, 9488, 9489, 9490, 9491, 9492, 9493, 9494, 9694, 9695, 9696, 9697, 9698, 9699, 9700, 9701, 9702, 9902, 9903, 9904, 9905, 9906, 9706, 9707, 9907, 9908, 10108, 10308, 10508, 10708, 10709, 10710, 10910, 10911, 10912, 10913, 11113, 11313, 11314, 11315, 11515, 11715, 11915, 11916, 12116, 12316, 12317, 12517, 12717, 12917, 13117, 13118, 13119, 13120, 13121, 13122, 13123, 13323, 13523, 13723, 13923, 13924, 13925, 14125, 14325, 14326, 14327, 14328, 14528, 14529, 14530, 14531, 14532, 14533, 14534, 14734, 14735, 14736, 14737, 14738, 14739, 14740, 14940, 15140, 15141, 15142, 15342, 15542, 15742, 15743, 15943, 16143, 16343, 16543, 16544, 16545, 16745, 16746, 16747, 16748, 16749, 16750, 16751, 16752, 16952, 17152, 17153, 17154, 17354, 17355, 17555, 17755, 17756, 17757, 17957, 17958, 17959, 18159, 18359, 18559, 18560, 18760, 18761, 18762, 18763, 18764, 18964, 18965, 18966, 18967, 18968, 18969, 18970, 18971, 19171, 19371, 19372, 19373, 19374, 19375, 19376, 19377, 19177, 19178, 19179, 19180, 19181, 19182, 19183, 19184, 19384, 19385, 19386, 19186, 19187, 19188, 19189, 19389, 19589, 19590, 19591, 19592, 19593, 19594, 19595, 19795, 19995, 19996, 19997, 19998, 19999, 20000]
  - number of used nodes: 313
  - cost: 9131
Colours
  - colours: [68, 85, 87, 148, 157, 163, 256, 281, 294, 305, 314, 479, 534, 587, 703, 715, 776, 865, 891, 893, 1076, 1092, 1162, 1168, 1186, 1245, 1282, 1285, 1292, 1352, 1385, 1537, 1587, 1611, 1707, 1752, 1754, 1770, 1784, 1792, 1820, 1827, 1869, 1881, 2024, 2048, 2165, 2303, 2321, 2447, 2466, 2526, 2536, 2596, 2653, 2735, 2741, 2779, 2786, 2889, 2899, 2968, 2989, 2996, 3124, 3129, 3230, 3242, 3344, 3348, 3404, 3439, 3521, 3532, 3609, 3617, 3681, 3699, 3726, 3769, 3787, 3843, 3892, 4019, 4050, 4145, 4238, 4285, 4306, 4401, 4439, 4568, 4572, 4596, 4741, 4780, 4820, 4884, 5019, 5089, 5160, 5204, 5311, 5408, 5516, 5524, 5572, 5694, 5728, 5744, 5809, 5814, 5851, 5924, 5985, 6045, 6047, 6098, 6146, 6184, 6269, 6310, 6343, 6360, 6384, 6391, 6497, 6566, 6614, 6618, 6820, 6905, 6943, 7034, 7053, 7149, 7311, 7330, 7348, 7373, 7459, 7537, 7561, 7641, 7679, 7681, 7822, 7949, 8035, 8055, 8121, 8415, 8443, 8512, 8538, 8649, 8670, 8680, 8704, 8717, 8742, 8790, 8807, 8833, 8850, 8908, 9037, 9175, 9184, 9208, 9256, 9305, 9323, 9383, 9440, 9454, 9482, 9498, 9512, 9627, 9643, 9699, 9716, 9783, 9855, 10009, 10060, 10106, 10142, 10167, 10340, 10429, 10494, 10501, 10566, 10589, 10597, 10614, 10619, 10676, 10695, 10697, 10721, 10754, 10819, 10908, 10932, 10944, 10986, 11040, 11132, 11152, 11174, 11223, 11276, 11281, 11429, 11437, 11457, 11552, 11592, 11611, 11618, 11693, 11776, 11784, 11795, 11802, 11900, 11931, 11932, 11968, 12007, 12041, 12044, 12049, 12071, 12129, 12180, 12186, 12256, 12308, 12318, 12353, 12371, 12415, 12425, 12442, 12454, 12469, 12503, 12549, 12695, 12708, 12711, 12837, 12892, 12904, 12917, 12940, 12991, 13005, 13087, 13156, 13240, 13289, 13300, 13366, 13374, 13452, 13475, 13647, 13686, 13687, 13708, 13726, 13871, 13992, 14078, 14115, 14139, 14343, 14345, 14347, 14370, 14430, 14436, 14452, 14472, 14483, 14549, 14580, 14595, 14599, 14661, 14719, 14874, 14901, 15099, 15137, 15161, 15260, 15389, 15395, 15552, 15613, 15824, 15825, 15838]
  - number of used colours: 309