Path
  - source node: 1
  - destination node: 20000
  - path: [1, 2, 3, 4, 5, 6, 7, 207, 208, 209, 210, 211, 212, 412, 413, 613, 813, 1013, 1014, 1015, 1215, 1415, 1615, 1616, 1816, 2016, 2017, 2018, 2019, 2219, 2419, 2619, 2620, 2820, 2821, 2822, 2823, 3023, 3024, 3025, 3026, 3226, 3426, 3626, 3627, 3628, 3629, 3829, 4029, 4229, 4429, 4629, 4630, 4830, 4831, 4832, 4833, 4834, 4835, 4836, 4837, 4838, 4839, 4840, 4841, 5041, 5241, 5242, 5243, 5244, 5444, 5445, 5645, 5646, 5846, 5847, 6047, 6247, 6248, 6249, 6250, 6450, 6650, 6651, 6851, 6852, 6853, 6854, 6855, 6856, 6857, 6858, 6859, 7059, 7259, 7260, 7261, 7262, 7263, 7463, 7464, 7664, 7864, 8064, 8065, 8066, 8067, 8267, 8467, 8468, 8469, 8470, 8471, 8472, 8473, 8474, 8674, 8675, 8875, 8876, 8877, 8878, 8879, 8880, 8881, 8882, 9082, 9282, 9283, 9284, 9484, 9684, 9685, 9686, 9687, 9688, 9689, 9690, 9691, 9692, 9892, 9893, 9894, 9895, 9896, 9897, 9898, 10098, 10099, 10100, 10101, 10102, 10103, 10104, 10304, 10305, 10306, 10307, 10507, 10707, 10708, 10908, 10909, 11109, 11309, 11509, 11510, 11710, 11711, 11911, 12111, 12311, 12312, 12512, 12712, 12912, 12913, 12914, 13114, 13314, 13315, 13515, 13516, 13517, 13717, 13718, 13719, 13720, 13721, 13921, 13922, 13923, 13924, 13925, 13926, 14126, 14127, 14128, 14129, 14130, 14330, 14331, 14332, 14333, 14334, 14335, 14336, 14337, 14338, 14339, 14340, 14341, 14342, 14542, 14742, 14743, 14943, 14944, 15144, 15145, 15146, 15346, 15347, 15348, 15548, 15549, 15550, 15551, 15552, 15752, 15753, 15754, 15954, 16154, 16155, 16156, 16157, 16158, 16358, 16558, 16758, 16958, 16959, 17159, 17160, 17360, 17361, 17561, 17761, 17961, 18161, 18361, 18362, 18363, 18364, 18365, 18565, 18765, 18766, 18767, 18768, 18769, 18770, 18771, 18772, 18773, 18774, 18775, 18776, 18777, 18778, 18779, 18780, 18980, 18981, 18982, 18983, 18984, 18985, 18986, 18987, 19187, 19188, 19189, 19190, 19191, 19192, 19193, 19194, 19195, 19395, 19396, 19397, 19398, 19598, 19599, 19600, 19800, 20000]
  - number of used nodes: 299
  - cost: 9515
Colours
  - colours: [39, 48, 8278, 100, 112, 147, 8377, 194, 212, 226, 248, 256, 260, 317, 330, 8544, 8546, 8550, 8554, 8555, 383, 8576, 496, 566, 8788, 601, 8924, 735, 9009, 9016, 953, 9162, 1000, 1035, 1040, 9242, 1083, 9311, 1120, 9323, 9356, 9360, 9372, 1189, 1212, 1233, 1239, 9432, 1268, 9530, 9538, 9550, 9575, 9588, 9616, 9642, 1461, 1561, 1590, 9817, 1630, 9823, 1649, 1656, 9872, 1762, 9957, 9974, 1789, 9991, 1843, 1857, 1898, 1954, 1984, 2028, 10239, 2055, 10289, 2122, 2124, 2169, 2226, 10437, 2268, 2300, 2301, 10513, 2412, 2423, 2427, 2464, 10683, 2492, 10688, 10697, 10719, 2528, 2554, 2555, 2571, 2588, 2589, 2598, 2639, 2703, 10913, 10918, 10963, 10986, 2799, 11054, 11090, 11094, 11150, 3039, 11265, 11305, 3180, 3201, 11394, 11450, 3258, 11478, 3320, 3381, 11585, 11600, 3410, 3432, 3447, 3448, 11673, 11679, 11692, 11711, 3537, 3634, 3663, 3667, 11883, 11902, 11949, 11958, 3791, 11987, 11995, 3829, 4015, 12230, 12317, 12333, 12352, 12358, 12373, 4269, 12522, 4366, 4369, 12640, 12644, 4453, 4482, 12677, 12701, 12709, 4526, 4591, 4646, 4702, 12903, 12953, 12973, 12989, 13001, 13039, 13064, 4922, 13124, 13137, 13151, 13178, 13202, 5021, 13222, 5036, 13234, 13253, 13260, 5072, 13276, 13280, 5121, 13325, 5137, 5196, 5199, 13397, 13437, 13462, 13587, 5419, 13628, 5452, 13671, 5512, 13726, 13765, 5576, 13813, 13820, 13827, 5717, 13936, 5758, 14005, 5851, 14049, 5868, 14140, 14143, 5983, 14182, 14188, 14189, 14251, 14253, 6101, 6207, 6234, 14489, 6310, 14506, 14533, 6395, 14605, 6490, 6503, 14702, 14708, 6545, 14799, 14807, 6634, 14846, 14869, 6697, 6717, 14914, 6729, 14932, 14940, 6761, 6776, 14985, 14986, 14989, 6808, 15032, 6855, 6877, 15115, 15151, 15193, 7027, 15263, 7071, 7127, 15331, 7139, 7177, 7190, 7210, 15405, 15432, 7366, 7377, 15592, 15622, 15750, 15805, 15817, 7684, 7691, 7693, 7694, 7705, 7757, 7859, 7925, 7959, 8019, 8083, 8161]
  - number of used colours: 294
Time Colour Constrained Dijkstra Algorithm: 0.47
Total time: 0.79
Gap: 0.14713610089332632
Removed nodes percentage: 95.42500000000001
Removed arcs percentage: 96.6574307304786