Path
  - source node: 1
  - destination node: 20000
  - path: [1, 2, 3, 203, 204, 205, 206, 406, 407, 607, 807, 808, 809, 810, 811, 1011, 1012, 1013, 1014, 1015, 1215, 1216, 1217, 1417, 1418, 1618, 1619, 1620, 1621, 1622, 1822, 2022, 2222, 2223, 2224, 2424, 2425, 2426, 2427, 2627, 2628, 2629, 2630, 2830, 2831, 2832, 2833, 3033, 3034, 3035, 3036, 3236, 3237, 3437, 3637, 3837, 3838, 3839, 4039, 4040, 4240, 4241, 4441, 4442, 4443, 4444, 4445, 4446, 4447, 4448, 4648, 4649, 4650, 4651, 4652, 4653, 4654, 4655, 4656, 4657, 4658, 4659, 4660, 4661, 4662, 4663, 4664, 4864, 4865, 5065, 5066, 5067, 5068, 5268, 5269, 5469, 5470, 5670, 5671, 5672, 5673, 5674, 5675, 5676, 5677, 5678, 5878, 6078, 6278, 6279, 6479, 6480, 6481, 6482, 6682, 6683, 6684, 6884, 6885, 6886, 6887, 7087, 7287, 7288, 7289, 7290, 7291, 7292, 7293, 7493, 7693, 7694, 7894, 8094, 8095, 8096, 8097, 8098, 8099, 8100, 8300, 8500, 8501, 8502, 8503, 8504, 8704, 8705, 8706, 8707, 8708, 8709, 8909, 9109, 9309, 9509, 9510, 9511, 9512, 9513, 9514, 9714, 9715, 9915, 10115, 10116, 10316, 10317, 10517, 10518, 10718, 10719, 10919, 10920, 10921, 10922, 10923, 10924, 10925, 10926, 10726, 10727, 10728, 10729, 10730, 10731, 10732, 10733, 10734, 10934, 10935, 11135, 11335, 11336, 11337, 11537, 11737, 11738, 11938, 11939, 12139, 12339, 12340, 12341, 12541, 12741, 12742, 12743, 12943, 12944, 12945, 13145, 13345, 13346, 13347, 13348, 13349, 13350, 13351, 13551, 13552, 13553, 13554, 13555, 13755, 13756, 13757, 13758, 13759, 13760, 13761, 13762, 13763, 13764, 13964, 13965, 14165, 14365, 14366, 14566, 14766, 14767, 14967, 14968, 15168, 15169, 15170, 15171, 15371, 15571, 15771, 15772, 15773, 15774, 15974, 16174, 16175, 16375, 16376, 16576, 16776, 16976, 17176, 17376, 17377, 17378, 17578, 17579, 17580, 17581, 17582, 17782, 17783, 17784, 17984, 18184, 18185, 18186, 18386, 18586, 18587, 18588, 18589, 18590, 18790, 18990, 18991, 19191, 19192, 19193, 19194, 19195, 19395, 19396, 19397, 19597, 19598, 19798, 19998, 19999, 20000]
  - number of used nodes: 301
  - cost: 9627
Colours
  - colours: [22, 8238, 8262, 8276, 93, 8357, 193, 206, 289, 8535, 351, 367, 8570, 389, 407, 416, 419, 8623, 8665, 8675, 496, 8696, 8707, 8715, 8733, 561, 603, 8806, 8832, 678, 8905, 728, 8934, 764, 8975, 9013, 9082, 925, 942, 9148, 957, 9160, 1004, 1017, 9225, 1113, 1212, 9447, 1275, 1306, 9508, 9517, 9521, 1337, 9532, 9622, 1461, 1476, 1480, 9689, 1514, 1539, 1557, 9786, 9829, 1789, 1821, 1839, 10054, 1872, 10069, 10104, 1937, 1951, 1984, 2041, 2081, 2106, 10331, 10345, 2172, 10386, 10390, 10406, 10466, 10514, 10536, 2369, 2383, 10609, 2442, 10666, 2487, 10734, 2591, 2665, 2671, 10872, 2692, 10913, 10922, 2739, 2744, 2867, 2940, 11190, 11193, 11296, 3134, 11337, 11402, 3211, 3216, 11424, 11447, 11457, 11468, 11505, 3344, 3347, 3353, 3366, 11613, 3442, 3457, 11652, 3487, 11724, 11750, 3566, 3590, 11859, 3682, 11923, 3817, 3819, 3840, 3870, 3886, 3893, 3896, 4022, 12255, 12257, 12280, 4089, 4156, 12357, 12406, 12415, 4300, 12506, 4318, 4319, 12527, 4337, 4349, 4352, 12548, 12554, 4374, 12669, 4497, 12724, 4571, 12781, 4660, 4671, 4720, 4725, 4726, 4727, 12936, 4774, 12967, 4801, 13006, 4841, 13052, 13075, 13097, 4935, 4937, 4947, 4982, 13266, 5082, 13310, 13390, 5224, 13433, 5290, 5350, 5472, 5516, 5563, 13759, 13762, 13776, 5603, 13849, 5674, 13896, 5708, 13905, 5765, 13968, 13980, 13986, 5807, 5878, 5901, 14119, 14124, 14193, 6018, 6032, 14240, 6058, 6069, 6075, 14280, 6105, 14310, 14332, 6169, 14366, 6185, 14409, 6232, 14447, 6274, 6299, 6322, 6369, 6399, 6412, 14671, 14691, 14697, 6526, 14781, 14894, 14915, 6746, 6748, 14942, 6756, 14971, 14984, 6802, 6838, 6863, 15059, 6873, 15068, 15091, 6923, 15175, 15197, 7084, 15281, 15283, 15323, 15357, 15375, 7184, 7198, 7206, 15481, 7336, 15534, 15567, 15674, 15676, 15701, 7538, 7576, 7600, 15797, 7614, 15829, 15833, 15851, 7700, 7713, 7865, 7915, 7926, 7943, 7996, 7998, 8060, 8118, 8120]
  - number of used colours: 295
Time Colour Constrained Dijkstra Algorithm: 0.47
Time Reduction Algorithm: 0.11
Time Formulation: 0.63
Total time: 1.21
Gap: 0.3635608185312143
Removed nodes percentage: 91.77499999999999
Removed arcs percentage: 93.75818639798489
More Removed arcs percentage: 7.869249394673128
=================================================================================
Time complete formulation: 129.91
Path
  - source node: 1
  - destination node: 20000
  - path: [1, 2, 3, 203, 204, 205, 206, 406, 407, 607, 807, 808, 809, 810, 811, 1011, 1012, 1013, 1014, 1015, 1215, 1216, 1217, 1417, 1418, 1618, 1619, 1620, 1621, 1622, 1822, 2022, 2222, 2223, 2224, 2424, 2425, 2426, 2427, 2627, 2628, 2629, 2630, 2830, 2831, 2832, 2833, 3033, 3034, 3035, 3036, 3236, 3237, 3437, 3637, 3837, 3838, 3839, 4039, 4040, 4240, 4241, 4441, 4442, 4443, 4444, 4445, 4446, 4447, 4448, 4648, 4649, 4650, 4651, 4652, 4653, 4654, 4655, 4656, 4657, 4658, 4659, 4660, 4661, 4662, 4663, 4664, 4864, 4865, 5065, 5066, 5067, 5068, 5268, 5269, 5469, 5470, 5670, 5671, 5672, 5673, 5674, 5675, 5676, 5677, 5678, 5878, 6078, 6278, 6279, 6479, 6480, 6481, 6482, 6682, 6683, 6684, 6884, 6885, 6886, 6887, 7087, 7287, 7288, 7289, 7290, 7291, 7292, 7293, 7493, 7693, 7694, 7894, 8094, 8095, 8096, 8097, 8098, 8099, 8100, 8300, 8500, 8501, 8502, 8503, 8504, 8704, 8705, 8706, 8707, 8708, 8709, 8909, 9109, 9309, 9509, 9510, 9511, 9512, 9513, 9514, 9714, 9715, 9915, 10115, 10116, 10316, 10317, 10517, 10518, 10718, 10719, 10919, 10920, 10921, 10922, 10923, 10924, 10925, 10926, 10726, 10727, 10728, 10729, 10730, 10731, 10732, 10733, 10734, 10934, 10935, 11135, 11335, 11336, 11337, 11537, 11737, 11738, 11938, 11939, 12139, 12339, 12340, 12341, 12541, 12741, 12742, 12743, 12943, 12944, 12945, 13145, 13345, 13346, 13347, 13348, 13349, 13350, 13351, 13551, 13552, 13553, 13554, 13555, 13755, 13756, 13757, 13758, 13759, 13760, 13761, 13762, 13763, 13764, 13964, 13965, 14165, 14365, 14366, 14566, 14766, 14767, 14967, 14968, 15168, 15169, 15170, 15171, 15371, 15571, 15771, 15772, 15773, 15774, 15974, 16174, 16175, 16375, 16376, 16576, 16776, 16976, 17176, 17376, 17377, 17378, 17578, 17579, 17580, 17581, 17582, 17782, 17783, 17784, 17984, 18184, 18185, 18186, 18386, 18586, 18587, 18588, 18589, 18590, 18790, 18990, 18991, 19191, 19192, 19193, 19194, 19195, 19395, 19396, 19397, 19597, 19598, 19798, 19998, 19999, 20000]
  - number of used nodes: 301
  - cost: 9627
Colours
  - colours: [22, 93, 193, 206, 289, 351, 367, 389, 407, 416, 419, 496, 561, 603, 678, 728, 764, 925, 942, 957, 1004, 1017, 1113, 1212, 1275, 1306, 1337, 1461, 1476, 1480, 1514, 1539, 1557, 1789, 1821, 1839, 1872, 1937, 1951, 1984, 2041, 2081, 2106, 2172, 2369, 2383, 2442, 2487, 2591, 2665, 2671, 2692, 2739, 2744, 2867, 2940, 3134, 3211, 3216, 3344, 3347, 3353, 3366, 3442, 3457, 3487, 3566, 3590, 3682, 3817, 3819, 3840, 3870, 3886, 3893, 3896, 4022, 4089, 4156, 4300, 4318, 4319, 4337, 4349, 4352, 4374, 4497, 4571, 4660, 4671, 4720, 4725, 4726, 4727, 4774, 4801, 4841, 4935, 4937, 4947, 4982, 5082, 5224, 5290, 5350, 5472, 5516, 5563, 5603, 5674, 5708, 5765, 5807, 5878, 5901, 6018, 6032, 6058, 6069, 6075, 6105, 6169, 6185, 6232, 6274, 6299, 6322, 6369, 6399, 6412, 6526, 6746, 6748, 6756, 6802, 6838, 6863, 6873, 6923, 7084, 7184, 7198, 7206, 7336, 7538, 7576, 7600, 7614, 7700, 7713, 7865, 7915, 7926, 7943, 7996, 7998, 8060, 8118, 8120, 8238, 8262, 8276, 8357, 8535, 8570, 8623, 8665, 8675, 8696, 8707, 8715, 8733, 8806, 8832, 8905, 8934, 8975, 9013, 9082, 9148, 9160, 9225, 9447, 9508, 9517, 9521, 9532, 9622, 9689, 9786, 9829, 10054, 10069, 10104, 10331, 10345, 10386, 10390, 10406, 10466, 10514, 10536, 10609, 10666, 10734, 10872, 10913, 10922, 11190, 11193, 11296, 11337, 11402, 11424, 11447, 11457, 11468, 11505, 11613, 11652, 11724, 11750, 11859, 11923, 12255, 12257, 12280, 12357, 12406, 12415, 12506, 12527, 12548, 12554, 12669, 12724, 12781, 12936, 12967, 13006, 13052, 13075, 13097, 13266, 13310, 13390, 13433, 13759, 13762, 13776, 13849, 13896, 13905, 13968, 13980, 13986, 14119, 14124, 14193, 14240, 14280, 14310, 14332, 14366, 14409, 14447, 14671, 14691, 14697, 14781, 14894, 14915, 14942, 14971, 14984, 15059, 15068, 15091, 15175, 15197, 15281, 15283, 15323, 15357, 15375, 15481, 15534, 15567, 15674, 15676, 15701, 15797, 15829, 15833, 15851]
  - number of used colours: 295


RILP Time NO EXTRA REDUCTION: 1.17
