Path
  - source node: 1
  - destination node: 20000
  - path: [1, 2, 3, 4, 5, 205, 405, 605, 805, 806, 807, 808, 1008, 1208, 1408, 1608, 1808, 2008, 2208, 2209, 2210, 2211, 2212, 2213, 2214, 2215, 2216, 2217, 2417, 2418, 2419, 2420, 2620, 2820, 2821, 2822, 2823, 2824, 2825, 3025, 3026, 3027, 3028, 2828, 2829, 2830, 2831, 3031, 3032, 3232, 3233, 3433, 3434, 3435, 3635, 3636, 3836, 3837, 3838, 4038, 4238, 4239, 4439, 4440, 4441, 4442, 4443, 4444, 4644, 4645, 4646, 4846, 4847, 5047, 5247, 5447, 5647, 5847, 5848, 6048, 6248, 6448, 6648, 6649, 6849, 7049, 7050, 7051, 7052, 7053, 7054, 7055, 7056, 7057, 7257, 7258, 7458, 7459, 7659, 7859, 7860, 7861, 7862, 8062, 8063, 8064, 8065, 8265, 8266, 8267, 8467, 8468, 8469, 8669, 8670, 8671, 8672, 8673, 8674, 8874, 8875, 8876, 8877, 8878, 9078, 9079, 9080, 9081, 9281, 9282, 9482, 9483, 9484, 9485, 9486, 9487, 9488, 9489, 9490, 9690, 9691, 9891, 9892, 9893, 9894, 9895, 10095, 10295, 10296, 10496, 10696, 10697, 10698, 10898, 10899, 10900, 10901, 10902, 10903, 11103, 11104, 11105, 11106, 11107, 11108, 11109, 11110, 11111, 11112, 11312, 11313, 11314, 11315, 11316, 11317, 11318, 11319, 11519, 11520, 11720, 11920, 11921, 11922, 12122, 12322, 12522, 12523, 12723, 12724, 12725, 12726, 12727, 12728, 12729, 12929, 12930, 12931, 13131, 13132, 13133, 13134, 13334, 13534, 13535, 13735, 13935, 13936, 14136, 14336, 14337, 14338, 14339, 14340, 14341, 14541, 14542, 14742, 14743, 14943, 14944, 15144, 15145, 15345, 15545, 15546, 15547, 15548, 15549, 15749, 15949, 15950, 16150, 16350, 16351, 16352, 16552, 16553, 16554, 16555, 16556, 16557, 16757, 16758, 16759, 16760, 16761, 16762, 16962, 16963, 17163, 17164, 17364, 17365, 17366, 17367, 17567, 17568, 17569, 17769, 17770, 17970, 18170, 18370, 18371, 18372, 18373, 18374, 18375, 18376, 18377, 18378, 18379, 18380, 18580, 18780, 18980, 18981, 18982, 18983, 18984, 19184, 19185, 19186, 19187, 19387, 19388, 19389, 19390, 19391, 19392, 19393, 19394, 19395, 19396, 19596, 19796, 19996, 19997, 19998, 19999, 20000]
  - number of used nodes: 301
  - cost: 9869
Colours
  - colours: [6147, 12307, 6164, 2084, 38, 10280, 10294, 4151, 2111, 6208, 65, 2119, 10318, 105, 6255, 8304, 8326, 6297, 157, 12454, 2216, 10409, 14505, 14516, 6324, 12474, 10428, 10447, 12503, 8425, 4332, 2290, 12533, 8440, 12552, 4363, 2318, 14625, 301, 2358, 10550, 2362, 14656, 320, 12612, 8530, 6494, 2405, 10598, 2410, 381, 14721, 2433, 10627, 10629, 2439, 4488, 6543, 6548, 4502, 2457, 8602, 14746, 8606, 10677, 2489, 8646, 12745, 6602, 12742, 6609, 14804, 14807, 2522, 8678, 14827, 10738, 10748, 511, 10764, 2598, 12836, 557, 6703, 4659, 8762, 573, 4668, 6725, 2640, 14929, 6744, 12925, 6782, 4739, 10885, 12945, 2706, 661, 6817, 681, 10922, 12973, 4782, 15030, 10954, 729, 732, 6881, 8939, 8944, 760, 4864, 770, 2824, 2831, 13071, 2836, 4890, 11038, 799, 6954, 13101, 15164, 13119, 13120, 11073, 4933, 6985, 3433, 13184, 9092, 15240, 5008, 2961, 5054, 15297, 964, 965, 3015, 7123, 5077, 15319, 5085, 997, 15335, 5103, 3058, 3066, 13317, 7186, 15385, 3099, 7196, 11292, 3112, 7212, 13359, 13363, 9270, 9285, 5197, 5204, 3160, 5234, 11381, 1162, 3222, 1175, 3230, 15535, 15541, 7351, 3260, 11455, 13505, 9411, 1227, 15575, 13530, 3299, 15589, 7399, 1257, 3316, 3321, 13566, 13571, 5385, 3339, 9491, 1300, 9503, 9512, 13619, 7496, 13644, 3407, 15697, 3416, 1368, 15714, 9570, 5475, 13677, 13678, 3448, 1403, 3462, 11664, 15764, 15766, 11676, 11681, 11693, 9665, 1475, 5572, 1478, 5576, 1482, 1483, 13772, 3542, 13787, 15847, 7667, 11779, 1546, 9739, 3598, 11796, 13850, 11815, 11826, 1591, 3648, 13903, 9808, 9807, 11856, 5734, 11879, 13932, 7790, 3702, 3707, 7809, 1666, 9871, 7827, 7833, 3737, 1702, 11947, 5805, 1713, 1723, 7869, 5834, 7905, 1766, 5876, 7925, 3838, 1802, 12047, 3862, 14104, 12059, 3870, 3883, 7984, 14155, 3920, 14163, 12121, 5983, 3935, 6019, 14211, 3974, 14217, 6042, 6049, 12203, 1967, 8114, 4028, 12239, 8150, 8158, 12258, 12269, 10222]
  - number of used colours: 295
Time Colour Constrained Dijkstra Algorithm: 0.43
Time Reduction Algorithm: 0.14
Time Formulation: 0.13
Total time: 0.71
Gap: 0.02026547775863816
Removed nodes percentage: 96.54
Removed arcs percentage: 97.63476070528966
More Removed arcs percentage: 10.64962726304579
=================================================================================
Time complete formulation: 121.37
Path
  - source node: 1
  - destination node: 20000
  - path: [1, 2, 3, 4, 5, 205, 405, 605, 805, 806, 807, 808, 1008, 1208, 1408, 1608, 1808, 2008, 2208, 2209, 2210, 2211, 2212, 2213, 2214, 2215, 2216, 2217, 2417, 2418, 2419, 2420, 2620, 2820, 2821, 2822, 2823, 2824, 2825, 3025, 3026, 3027, 3028, 2828, 2829, 2830, 2831, 3031, 3032, 3232, 3233, 3433, 3434, 3435, 3635, 3636, 3836, 3837, 3838, 4038, 4238, 4239, 4439, 4440, 4441, 4442, 4443, 4444, 4644, 4645, 4646, 4846, 4847, 5047, 5247, 5447, 5647, 5847, 5848, 6048, 6248, 6448, 6648, 6649, 6849, 7049, 7050, 7051, 7052, 7053, 7054, 7055, 7056, 7057, 7257, 7258, 7458, 7459, 7659, 7859, 7860, 7861, 7862, 8062, 8063, 8064, 8065, 8265, 8266, 8267, 8467, 8468, 8469, 8669, 8670, 8671, 8672, 8673, 8674, 8874, 8875, 8876, 8877, 8878, 9078, 9079, 9080, 9081, 9281, 9282, 9482, 9483, 9484, 9485, 9486, 9487, 9488, 9489, 9490, 9690, 9691, 9891, 9892, 9893, 9894, 9895, 10095, 10295, 10296, 10496, 10696, 10697, 10698, 10898, 10899, 10900, 10901, 10902, 10903, 11103, 11104, 11105, 11106, 11107, 11108, 11109, 11110, 11111, 11112, 11312, 11313, 11314, 11315, 11316, 11317, 11318, 11319, 11519, 11520, 11720, 11920, 11921, 11922, 12122, 12322, 12522, 12523, 12723, 12724, 12725, 12726, 12727, 12728, 12729, 12929, 12930, 12931, 13131, 13132, 13133, 13134, 13334, 13534, 13535, 13735, 13935, 13936, 14136, 14336, 14337, 14338, 14339, 14340, 14341, 14541, 14542, 14742, 14743, 14943, 14944, 15144, 15145, 15345, 15545, 15546, 15547, 15548, 15549, 15749, 15949, 15950, 16150, 16350, 16351, 16352, 16552, 16553, 16554, 16555, 16556, 16557, 16757, 16758, 16759, 16760, 16761, 16762, 16962, 16963, 17163, 17164, 17364, 17365, 17366, 17367, 17567, 17568, 17569, 17769, 17770, 17970, 18170, 18370, 18371, 18372, 18373, 18374, 18375, 18376, 18377, 18378, 18379, 18380, 18580, 18780, 18980, 18981, 18982, 18983, 18984, 19184, 19185, 19186, 19187, 19387, 19388, 19389, 19390, 19391, 19392, 19393, 19394, 19395, 19396, 19596, 19796, 19996, 19997, 19998, 19999, 20000]
  - number of used nodes: 301
  - cost: 9869
Colours
  - colours: [38, 65, 105, 157, 301, 320, 381, 511, 557, 573, 661, 681, 729, 732, 760, 770, 799, 964, 965, 997, 1162, 1175, 1227, 1257, 1300, 1368, 1403, 1475, 1478, 1482, 1483, 1546, 1591, 1666, 1702, 1713, 1723, 1766, 1802, 1967, 2084, 2111, 2119, 2216, 2290, 2318, 2358, 2362, 2405, 2410, 2433, 2439, 2457, 2489, 2522, 2598, 2640, 2706, 2824, 2831, 2836, 2961, 3015, 3058, 3066, 3099, 3112, 3160, 3222, 3230, 3260, 3299, 3316, 3321, 3339, 3407, 3416, 3433, 3448, 3462, 3542, 3598, 3648, 3702, 3707, 3737, 3838, 3862, 3870, 3883, 3920, 3935, 3974, 4028, 4151, 4332, 4363, 4488, 4502, 4659, 4668, 4739, 4782, 4864, 4890, 4933, 5008, 5054, 5077, 5085, 5103, 5197, 5204, 5234, 5385, 5475, 5572, 5576, 5734, 5805, 5834, 5876, 5983, 6019, 6042, 6049, 6147, 6164, 6208, 6255, 6297, 6324, 6494, 6543, 6548, 6602, 6609, 6703, 6725, 6744, 6782, 6817, 6881, 6954, 6985, 7123, 7186, 7196, 7212, 7351, 7399, 7496, 7667, 7790, 7809, 7827, 7833, 7869, 7905, 7925, 7984, 8114, 8150, 8158, 8304, 8326, 8425, 8440, 8530, 8602, 8606, 8646, 8678, 8762, 8939, 8944, 9092, 9270, 9285, 9411, 9491, 9503, 9512, 9570, 9665, 9739, 9807, 9808, 9871, 10222, 10280, 10294, 10318, 10409, 10428, 10447, 10550, 10598, 10627, 10629, 10677, 10738, 10748, 10764, 10885, 10922, 10954, 11038, 11073, 11292, 11381, 11455, 11664, 11676, 11681, 11693, 11779, 11796, 11815, 11826, 11856, 11879, 11947, 12047, 12059, 12121, 12203, 12239, 12258, 12269, 12307, 12454, 12474, 12503, 12533, 12552, 12612, 12742, 12745, 12836, 12925, 12945, 12973, 13071, 13101, 13119, 13120, 13184, 13317, 13359, 13363, 13505, 13530, 13566, 13571, 13619, 13644, 13677, 13678, 13772, 13787, 13850, 13903, 13932, 14104, 14155, 14163, 14211, 14217, 14505, 14516, 14625, 14656, 14721, 14746, 14804, 14807, 14827, 14929, 15030, 15164, 15240, 15297, 15319, 15335, 15385, 15535, 15541, 15575, 15589, 15697, 15714, 15764, 15766, 15847]
  - number of used colours: 295