Path
  - source node: 1
  - destination node: 20000
  - path: [1, 201, 401, 402, 403, 404, 405, 605, 606, 607, 608, 609, 610, 611, 612, 613, 614, 615, 616, 617, 618, 619, 620, 621, 622, 822, 1022, 1222, 1223, 1224, 1225, 1226, 1426, 1626, 1826, 1827, 2027, 2227, 2427, 2428, 2628, 2629, 2829, 2830, 3030, 3230, 3430, 3431, 3631, 3831, 4031, 4231, 4431, 4432, 4433, 4434, 4435, 4436, 4437, 4438, 4439, 4440, 4640, 4641, 4642, 4842, 4843, 4844, 4845, 5045, 5046, 5246, 5247, 5248, 5249, 5250, 5251, 5451, 5452, 5453, 5454, 5455, 5255, 5256, 5257, 5457, 5458, 5658, 5858, 5859, 5860, 6060, 6061, 6062, 6063, 6064, 6065, 6265, 6266, 6466, 6467, 6468, 6469, 6669, 6670, 6671, 6871, 6872, 6873, 6874, 7074, 7274, 7474, 7674, 7874, 7875, 8075, 8275, 8276, 8277, 8278, 8279, 8479, 8480, 8481, 8482, 8483, 8484, 8684, 8685, 8885, 8886, 9086, 9087, 9088, 9089, 9289, 9489, 9490, 9690, 9691, 9692, 9892, 9893, 9894, 9895, 10095, 10096, 10097, 10098, 10099, 10100, 10300, 10301, 10501, 10502, 10702, 10902, 10903, 10904, 10905, 10906, 10907, 10908, 10909, 10910, 11110, 11310, 11311, 11312, 11313, 11513, 11713, 11714, 11715, 11716, 11717, 11718, 11719, 11919, 11920, 11921, 11922, 11923, 11924, 11925, 11926, 11726, 11727, 11728, 11729, 11730, 11731, 11732, 11733, 11933, 12133, 12333, 12533, 12733, 12734, 12735, 12736, 12737, 12738, 12739, 12939, 12940, 12941, 12942, 12943, 12944, 12945, 12946, 13146, 13346, 13347, 13547, 13747, 13947, 13948, 13949, 14149, 14150, 13950, 13951, 13952, 13953, 13954, 13955, 14155, 14156, 14157, 14158, 14358, 14558, 14758, 14759, 14959, 14960, 14961, 14962, 14963, 14964, 14965, 15165, 15166, 15366, 15367, 15368, 15369, 15370, 15371, 15372, 15373, 15374, 15574, 15575, 15576, 15776, 15976, 16176, 16177, 16178, 16179, 16180, 16380, 16580, 16780, 16980, 16981, 17181, 17182, 17183, 17383, 17583, 17584, 17585, 17586, 17587, 17588, 17788, 17988, 18188, 18388, 18389, 18390, 18391, 18591, 18592, 18792, 18992, 18993, 19193, 19194, 19394, 19395, 19396, 19596, 19597, 19598, 19599, 19600, 19800, 20000]
  - number of used nodes: 305
  - cost: 9741
Colours
  - colours: [14341, 6, 14345, 6158, 6166, 6170, 4132, 12324, 4140, 8249, 63, 12360, 82, 90, 6240, 14434, 4197, 12392, 4200, 4203, 4208, 6257, 10373, 10374, 14471, 4241, 12428, 12444, 155, 171, 8366, 178, 10427, 14526, 6350, 12497, 8402, 2258, 4314, 6369, 10470, 4327, 14586, 8444, 257, 14606, 10513, 2322, 4373, 12566, 4385, 6439, 8494, 4405, 316, 2366, 6462, 4418, 8523, 12627, 14677, 2392, 10585, 14681, 12642, 12643, 14701, 14710, 14719, 10633, 6538, 2461, 14759, 2478, 4532, 2502, 14790, 12749, 12765, 480, 12773, 14830, 14839, 519, 14874, 6692, 12855, 4665, 2619, 12869, 8775, 599, 14941, 8798, 6753, 611, 616, 12907, 2672, 6770, 14975, 8831, 2687, 4732, 4741, 12946, 689, 6840, 15033, 4821, 13014, 4833, 2786, 8931, 8933, 742, 4849, 760, 6907, 6913, 13065, 15117, 790, 15160, 13113, 6970, 11070, 9040, 13143, 4961, 13162, 13180, 898, 4998, 9101, 9105, 13206, 15263, 11171, 13219, 2983, 5033, 2990, 7089, 13234, 11185, 11199, 7108, 13261, 9172, 15315, 7132, 5095, 7145, 9212, 1022, 5120, 3085, 7183, 13328, 3091, 7188, 11284, 7191, 7202, 9266, 9275, 3134, 3137, 7237, 3142, 9296, 7264, 11365, 1134, 11376, 13424, 11394, 13442, 9353, 5265, 15530, 7340, 15547, 11450, 5316, 15571, 13535, 5348, 3309, 7404, 9473, 1285, 1298, 9486, 11543, 11553, 7458, 3366, 15664, 9524, 5437, 13635, 13637, 3404, 3416, 5466, 7515, 3426, 7536, 3442, 3444, 13689, 9606, 5511, 15754, 1422, 13731, 9643, 7612, 13760, 9664, 15816, 13782, 9721, 3579, 1537, 5638, 13832, 5642, 1560, 1559, 13864, 7721, 3629, 9782, 9789, 11840, 3649, 9813, 3674, 13920, 11892, 11890, 13944, 11909, 9874, 9877, 7829, 9887, 9888, 11945, 9902, 5815, 1736, 1742, 7910, 1771, 5869, 3830, 1781, 3841, 3865, 14105, 12064, 5935, 3898, 5946, 14141, 12097, 12099, 1852, 3910, 14165, 12132, 5991, 12140, 14190, 8050, 1907, 1909, 6013, 1917, 12157, 6024, 14218, 3980, 3988, 4008, 8105, 12210, 12225, 6089, 2005, 14299, 6114, 4075, 10226, 12275]
  - number of used colours: 299
Time Colour Constrained Dijkstra Algorithm: 0.27
Time Reduction Algorithm: 0.13
Time Formulation: 0.21
Total time: 0.62
Gap: 0.13345652397084487
Removed nodes percentage: 95.91499999999999
Removed arcs percentage: 97.37783375314861
More Removed arcs percentage: 10.47070124879923
=================================================================================
Time complete formulation: 82.95
Path
  - source node: 1
  - destination node: 20000
  - path: [1, 201, 401, 402, 403, 404, 405, 605, 606, 607, 608, 609, 610, 611, 612, 613, 614, 615, 616, 617, 618, 619, 620, 621, 622, 822, 1022, 1222, 1223, 1224, 1225, 1226, 1426, 1626, 1826, 1827, 2027, 2227, 2427, 2428, 2628, 2629, 2829, 2830, 3030, 3230, 3430, 3431, 3631, 3831, 4031, 4231, 4431, 4432, 4433, 4434, 4435, 4436, 4437, 4438, 4439, 4440, 4640, 4641, 4642, 4842, 4843, 4844, 4845, 5045, 5046, 5246, 5247, 5248, 5249, 5250, 5251, 5451, 5452, 5453, 5454, 5455, 5255, 5256, 5257, 5457, 5458, 5658, 5858, 5859, 5860, 6060, 6061, 6062, 6063, 6064, 6065, 6265, 6266, 6466, 6467, 6468, 6469, 6669, 6670, 6671, 6871, 6872, 6873, 6874, 7074, 7274, 7474, 7674, 7874, 7875, 8075, 8275, 8276, 8277, 8278, 8279, 8479, 8480, 8481, 8482, 8483, 8484, 8684, 8685, 8885, 8886, 9086, 9087, 9088, 9089, 9289, 9489, 9490, 9690, 9691, 9692, 9892, 9893, 9894, 9895, 10095, 10096, 10097, 10098, 10099, 10100, 10300, 10301, 10501, 10502, 10702, 10902, 10903, 10904, 10905, 10906, 10907, 10908, 10909, 10910, 11110, 11310, 11311, 11312, 11313, 11513, 11713, 11714, 11715, 11716, 11717, 11718, 11719, 11919, 11920, 11921, 11922, 11923, 11924, 11925, 11926, 11726, 11727, 11728, 11729, 11730, 11731, 11732, 11733, 11933, 12133, 12333, 12533, 12733, 12734, 12735, 12736, 12737, 12738, 12739, 12939, 12940, 12941, 12942, 12943, 12944, 12945, 12946, 13146, 13346, 13347, 13547, 13747, 13947, 13948, 13949, 14149, 14150, 13950, 13951, 13952, 13953, 13954, 13955, 14155, 14156, 14157, 14158, 14358, 14558, 14758, 14759, 14959, 14960, 14961, 14962, 14963, 14964, 14965, 15165, 15166, 15366, 15367, 15368, 15369, 15370, 15371, 15372, 15373, 15374, 15574, 15575, 15576, 15776, 15976, 16176, 16177, 16178, 16179, 16180, 16380, 16580, 16780, 16980, 16981, 17181, 17182, 17183, 17383, 17583, 17584, 17585, 17586, 17587, 17588, 17788, 17988, 18188, 18388, 18389, 18390, 18391, 18591, 18592, 18792, 18992, 18993, 19193, 19194, 19394, 19395, 19396, 19596, 19597, 19598, 19599, 19600, 19800, 20000]
  - number of used nodes: 305
  - cost: 9741
Colours
  - colours: [6, 63, 82, 90, 155, 171, 178, 257, 316, 480, 519, 599, 611, 616, 689, 742, 760, 790, 898, 1022, 1134, 1285, 1298, 1422, 1537, 1559, 1560, 1736, 1742, 1771, 1781, 1852, 1907, 1909, 1917, 2005, 2258, 2322, 2366, 2392, 2461, 2478, 2502, 2619, 2672, 2687, 2786, 2983, 2990, 3085, 3091, 3134, 3137, 3142, 3309, 3366, 3404, 3416, 3426, 3442, 3444, 3579, 3629, 3649, 3674, 3830, 3841, 3865, 3898, 3910, 3980, 3988, 4008, 4075, 4132, 4140, 4197, 4200, 4203, 4208, 4241, 4314, 4327, 4373, 4385, 4405, 4418, 4532, 4665, 4732, 4741, 4821, 4833, 4849, 4961, 4998, 5033, 5095, 5120, 5265, 5316, 5348, 5437, 5466, 5511, 5638, 5642, 5815, 5869, 5935, 5946, 5991, 6013, 6024, 6089, 6114, 6158, 6166, 6170, 6240, 6257, 6350, 6369, 6439, 6462, 6538, 6692, 6753, 6770, 6840, 6907, 6913, 6970, 7089, 7108, 7132, 7145, 7183, 7188, 7191, 7202, 7237, 7264, 7340, 7404, 7458, 7515, 7536, 7612, 7721, 7829, 7910, 8050, 8105, 8249, 8366, 8402, 8444, 8494, 8523, 8775, 8798, 8831, 8931, 8933, 9040, 9101, 9105, 9172, 9212, 9266, 9275, 9296, 9353, 9473, 9486, 9524, 9606, 9643, 9664, 9721, 9782, 9789, 9813, 9874, 9877, 9887, 9888, 9902, 10226, 10373, 10374, 10427, 10470, 10513, 10585, 10633, 11070, 11171, 11185, 11199, 11284, 11365, 11376, 11394, 11450, 11543, 11553, 11840, 11890, 11892, 11909, 11945, 12064, 12097, 12099, 12132, 12140, 12157, 12210, 12225, 12275, 12324, 12360, 12392, 12428, 12444, 12497, 12566, 12627, 12642, 12643, 12749, 12765, 12773, 12855, 12869, 12907, 12946, 13014, 13065, 13113, 13143, 13162, 13180, 13206, 13219, 13234, 13261, 13328, 13424, 13442, 13535, 13635, 13637, 13689, 13731, 13760, 13782, 13832, 13864, 13920, 13944, 14105, 14141, 14165, 14190, 14218, 14299, 14341, 14345, 14434, 14471, 14526, 14586, 14606, 14677, 14681, 14701, 14710, 14719, 14759, 14790, 14830, 14839, 14874, 14941, 14975, 15033, 15117, 15160, 15263, 15315, 15530, 15547, 15571, 15664, 15754, 15816]
  - number of used colours: 299


RILP Time NO EXTRA REDUCTION: 0.59
