Path
  - source node: 1
  - destination node: 20000
  - path: [1, 201, 202, 203, 204, 404, 405, 605, 805, 1005, 1205, 1206, 1207, 1208, 1209, 1210, 1410, 1411, 1412, 1413, 1613, 1614, 1814, 1815, 2015, 2016, 2216, 2217, 2218, 2219, 2220, 2221, 2421, 2422, 2423, 2424, 2624, 2625, 2626, 2627, 2827, 2828, 2829, 2830, 2831, 3031, 3032, 3033, 3034, 3234, 3235, 3435, 3635, 3636, 3637, 3638, 3639, 3640, 3641, 3841, 4041, 4042, 4242, 4243, 4244, 4245, 4246, 4247, 4447, 4448, 4648, 4649, 4650, 4651, 4851, 4852, 5052, 5053, 5253, 5453, 5454, 5455, 5456, 5457, 5458, 5658, 5659, 5660, 5661, 5662, 5663, 5863, 6063, 6263, 6463, 6663, 6863, 7063, 7263, 7264, 7464, 7664, 7665, 7666, 7866, 7867, 7868, 8068, 8268, 8269, 8469, 8669, 8670, 8671, 8672, 8673, 8674, 8675, 8676, 8677, 8678, 8679, 8680, 8681, 8682, 8683, 8684, 8884, 8885, 8886, 9086, 9087, 9088, 9089, 9289, 9489, 9490, 9690, 9691, 9692, 9693, 9893, 9894, 9895, 10095, 10096, 10097, 10098, 10099, 10100, 10300, 10301, 10302, 10502, 10503, 10504, 10505, 10506, 10507, 10508, 10509, 10709, 10710, 10711, 10712, 10713, 10714, 10715, 10915, 11115, 11116, 11117, 11118, 11318, 11319, 11320, 11520, 11521, 11522, 11523, 11524, 11525, 11725, 11925, 11926, 11927, 11928, 12128, 12129, 12329, 12330, 12331, 12332, 12333, 12334, 12534, 12535, 12536, 12736, 12737, 12738, 12938, 13138, 13139, 13140, 13340, 13341, 13342, 13542, 13742, 13743, 13744, 13745, 13746, 13946, 13947, 13948, 13949, 13950, 13951, 13952, 13953, 13954, 14154, 14155, 14156, 14157, 14158, 14159, 14160, 14161, 14162, 14163, 14164, 14165, 14166, 14167, 14168, 14368, 14369, 14370, 14371, 14571, 14572, 14772, 14773, 14774, 14974, 14975, 15175, 15375, 15376, 15377, 15378, 15379, 15579, 15779, 15979, 16179, 16180, 16181, 16182, 16382, 16383, 16583, 16783, 16784, 16984, 17184, 17185, 17186, 17187, 17387, 17388, 17389, 17589, 17789, 17790, 17990, 17991, 17992, 17993, 18193, 18194, 18394, 18395, 18396, 18596, 18796, 18996, 18997, 18998, 19198, 19398, 19399, 19400, 19600, 19800, 20000]
  - number of used nodes: 299
  - cost: 9879
Colours
  - colours: [42, 44, 64, 101, 112, 319, 327, 391, 400, 412, 468, 629, 630, 665, 718, 775, 895, 1066, 1095, 1137, 1189, 1271, 1337, 1349, 1491, 1590, 1597, 1607, 1746, 1769, 1792, 1815, 1850, 1869, 2009, 2013, 2097, 2108, 2558, 2562, 2570, 2633, 2645, 2723, 2772, 2782, 2905, 3102, 3106, 3154, 3219, 3252, 3342, 3356, 3374, 3455, 3467, 3474, 3476, 3477, 3492, 3512, 3598, 3628, 3666, 3685, 3687, 3794, 3817, 3833, 3900, 3988, 4019, 4039, 4079, 4189, 4256, 4298, 4365, 4420, 4592, 4658, 4721, 4755, 4822, 4860, 4895, 4902, 4973, 5027, 5096, 5112, 5239, 5253, 5336, 5414, 5460, 5463, 5489, 5496, 5506, 5546, 5587, 5670, 5671, 5673, 5729, 5737, 5796, 5817, 5861, 5884, 5926, 6010, 6080, 6090, 6093, 6128, 6306, 6379, 6518, 6537, 6538, 6659, 6731, 6819, 6852, 6857, 6922, 6941, 6948, 6949, 6987, 7001, 7032, 7033, 7125, 7136, 7204, 7220, 7222, 7228, 7248, 7536, 7635, 7656, 7694, 7784, 7789, 7819, 7879, 7947, 8065, 8127, 8225, 8233, 8245, 8327, 8331, 8460, 8506, 8526, 8546, 8577, 8606, 8697, 8703, 8811, 8858, 8880, 8907, 8937, 9132, 9286, 9293, 9344, 9389, 9504, 9601, 9652, 9777, 9833, 9974, 10070, 10154, 10174, 10286, 10291, 10363, 10380, 10416, 10437, 10454, 10465, 10607, 10860, 10861, 10872, 10904, 10930, 11184, 11196, 11255, 11359, 11548, 11573, 11698, 11791, 11883, 12011, 12013, 12030, 12032, 12085, 12096, 12197, 12251, 12271, 12314, 12316, 12323, 12345, 12393, 12396, 12439, 12492, 12543, 12550, 12563, 12610, 12679, 12682, 12689, 12815, 12819, 12838, 12883, 12966, 12985, 12991, 13000, 13009, 13085, 13156, 13218, 13242, 13273, 13397, 13476, 13505, 13520, 13612, 13645, 13725, 13727, 13739, 13837, 13968, 13997, 14113, 14163, 14252, 14356, 14367, 14374, 14495, 14584, 14586, 14614, 14619, 14623, 14664, 14687, 14722, 14770, 14812, 14840, 14904, 14911, 15031, 15170, 15195, 15223, 15293, 15320, 15337, 15350, 15396, 15629, 15695, 15780, 15787]
  - number of used colours: 292
Time Colour Constrained Dijkstra Algorithm: 0.68
Total time: 39.16
Gap: 3.1885818402672337
Removed nodes percentage: 51.82
Removed arcs percentage: 52.73299748110831