Path
  - source node: 1
  - destination node: 20000
  - path: [1, 201, 401, 402, 403, 404, 405, 605, 606, 607, 608, 609, 610, 611, 612, 613, 614, 615, 616, 617, 618, 619, 620, 621, 622, 822, 1022, 1222, 1223, 1224, 1225, 1226, 1426, 1626, 1826, 1827, 2027, 2227, 2427, 2428, 2628, 2629, 2829, 2830, 3030, 3230, 3430, 3431, 3631, 3831, 4031, 4231, 4431, 4432, 4433, 4434, 4435, 4436, 4437, 4438, 4439, 4440, 4640, 4641, 4642, 4842, 4843, 4844, 4845, 5045, 5046, 5246, 5247, 5248, 5249, 5250, 5251, 5451, 5452, 5453, 5454, 5455, 5255, 5256, 5257, 5457, 5458, 5658, 5858, 5859, 5860, 6060, 6061, 6062, 6063, 6064, 6065, 6265, 6266, 6466, 6467, 6468, 6469, 6669, 6670, 6671, 6871, 6872, 6873, 6874, 7074, 7274, 7474, 7674, 7874, 7875, 8075, 8275, 8276, 8277, 8278, 8279, 8479, 8480, 8481, 8482, 8483, 8484, 8684, 8685, 8885, 8886, 9086, 9087, 9088, 9089, 9289, 9489, 9490, 9690, 9691, 9692, 9892, 9893, 9894, 9895, 10095, 10096, 10097, 10098, 10099, 10100, 10300, 10301, 10501, 10502, 10702, 10902, 10903, 10904, 10905, 10906, 10907, 10908, 10909, 10910, 11110, 11310, 11311, 11312, 11313, 11513, 11713, 11714, 11715, 11716, 11717, 11718, 11719, 11919, 11920, 11921, 11922, 11923, 11924, 12124, 12324, 12325, 12326, 12327, 12527, 12727, 12728, 12928, 12929, 13129, 13130, 13131, 13331, 13531, 13532, 13533, 13733, 13734, 13934, 13935, 13936, 13937, 13938, 13939, 14139, 14140, 14141, 14142, 14143, 14343, 14344, 14544, 14744, 14944, 15144, 15145, 15146, 15147, 15347, 15547, 15747, 15947, 15948, 15949, 15950, 15951, 15952, 15953, 15954, 15955, 15956, 15957, 15958, 15959, 15960, 16160, 16161, 16162, 16163, 16363, 16563, 16564, 16565, 16566, 16766, 16767, 16768, 16769, 16770, 16771, 16971, 16972, 16973, 16974, 17174, 17175, 17176, 17177, 17377, 17577, 17578, 17579, 17779, 17979, 17980, 17981, 17982, 17983, 18183, 18383, 18583, 18584, 18585, 18785, 18786, 18787, 18987, 18988, 18989, 18990, 18991, 18992, 18993, 19193, 19194, 19394, 19395, 19396, 19596, 19597, 19598, 19599, 19600, 19800, 20000]
  - number of used nodes: 301
  - cost: 9750
Colours
  - colours: [0, 5, 6, 8, 9, 15, 17, 20, 25, 40, 51, 61, 63, 68, 69, 74, 79, 86, 102, 113, 123, 128, 129, 140, 153, 157, 173, 177, 190, 191, 198, 225, 232, 236, 237, 239, 246, 247, 260, 267, 268, 274, 276, 283, 287, 299, 308, 313, 314, 330, 333, 336, 342, 344, 358, 362, 364, 366, 383, 384, 386, 389, 393, 398, 407, 413, 414, 419, 420, 424, 431, 436, 437, 438, 440, 441, 457, 474, 479, 482, 483, 484, 499, 502, 509, 511, 512, 516, 526, 532, 533, 534, 543, 551, 560, 565, 581, 586, 590, 593, 599, 600, 601, 602, 607, 611, 615, 616, 622, 635, 636, 653, 658, 669, 677, 684, 690, 697, 708, 710, 713, 718, 723, 726, 731, 745, 747, 752, 753, 767, 768, 772, 782, 791, 796, 805, 808, 810, 818, 828, 833, 840, 844, 846, 849, 852, 866, 877, 883, 893, 904, 909, 910, 917, 921, 926, 929, 931, 935, 944, 948, 964, 965, 966, 972, 976, 983, 987, 988, 1004, 1037, 1047, 1058, 1063, 1079, 1086, 1090, 1107, 1117, 1119, 1120, 1121, 1128, 1136, 1137, 1139, 1145, 1154, 1172, 1181, 1189, 1190, 1194, 1198, 1209, 1213, 1214, 1215, 1221, 1222, 1227, 1236, 1238, 1242, 1244, 1247, 1249, 1255, 1256, 1262, 1264, 1274, 1275, 1288, 1294, 1305, 1306, 1311, 1314, 1316, 1321, 1323, 1326, 1332, 1342, 1349, 1358, 1362, 1363, 1368, 1375, 1376, 1378, 1383, 1386, 1388, 1390, 1392, 1393, 1394, 1410, 1411, 1419, 1421, 1429, 1430, 1443, 1452, 1460, 1467, 1470, 1471, 1475, 1483, 1487, 1497, 1503, 1511, 1516, 1522, 1526, 1527, 1534, 1544, 1553, 1554, 1566, 1575, 1581, 1587]
  - number of used colours: 270
Time Colour Constrained Dijkstra Algorithm: 0.27
Time Reduction Algorithm: 0.11
Time Formulation: 0.23
Total time: 0.61
Gap: 0.13333333333333333
Removed nodes percentage: 95.285
Removed arcs percentage: 96.80352644836272
More Removed arcs percentage: 10.559495665878648

=================================================================================
Time complete formulation: 81.03
Path
  - source node: 1
  - destination node: 20000
  - path: [1, 201, 401, 402, 403, 404, 405, 605, 606, 607, 608, 609, 610, 611, 612, 613, 614, 615, 616, 617, 618, 619, 620, 621, 622, 822, 1022, 1222, 1223, 1224, 1225, 1226, 1426, 1626, 1826, 1827, 2027, 2227, 2427, 2428, 2628, 2629, 2829, 2830, 3030, 3230, 3430, 3431, 3631, 3831, 4031, 4231, 4431, 4432, 4433, 4434, 4435, 4436, 4437, 4438, 4439, 4440, 4640, 4641, 4642, 4842, 4843, 4844, 4845, 5045, 5046, 5246, 5247, 5248, 5249, 5250, 5251, 5451, 5452, 5453, 5454, 5455, 5456, 5256, 5257, 5457, 5458, 5658, 5858, 5859, 5860, 6060, 6061, 6062, 6063, 6064, 6065, 6265, 6266, 6466, 6467, 6468, 6469, 6669, 6670, 6671, 6871, 6872, 6873, 6874, 7074, 7274, 7474, 7674, 7874, 7875, 8075, 8275, 8276, 8277, 8278, 8279, 8479, 8480, 8481, 8482, 8483, 8484, 8684, 8685, 8885, 8886, 9086, 9087, 9088, 9089, 9289, 9489, 9490, 9690, 9691, 9692, 9892, 9893, 9894, 9895, 10095, 10096, 10097, 10098, 10099, 10100, 10300, 10301, 10501, 10502, 10702, 10902, 10903, 10904, 10905, 10906, 10907, 10908, 10909, 10910, 11110, 11310, 11311, 11312, 11313, 11513, 11713, 11714, 11715, 11716, 11717, 11718, 11719, 11919, 11920, 11921, 11922, 11923, 11924, 12124, 12324, 12325, 12326, 12327, 12527, 12727, 12728, 12928, 12929, 13129, 13130, 13131, 13331, 13531, 13532, 13533, 13733, 13734, 13934, 13935, 13936, 13937, 13938, 13939, 14139, 14140, 14141, 14142, 14143, 14343, 14344, 14544, 14744, 14944, 15144, 15145, 15146, 15147, 15347, 15547, 15747, 15947, 15948, 15949, 15950, 15951, 15952, 15953, 15954, 15955, 15956, 15957, 15958, 15959, 15960, 16160, 16161, 16162, 16163, 16363, 16563, 16564, 16565, 16566, 16766, 16767, 16768, 16769, 16770, 16771, 16971, 16972, 16973, 16974, 17174, 17175, 17176, 17177, 17377, 17577, 17578, 17579, 17779, 17979, 17980, 17981, 17982, 17983, 18183, 18383, 18583, 18584, 18585, 18785, 18786, 18787, 18987, 18988, 18989, 18990, 18991, 18992, 18993, 19193, 19194, 19394, 19395, 19396, 19596, 19597, 19598, 19599, 19600, 19800, 20000]
  - number of used nodes: 301
  - cost: 9750
Colours
  - colours: [0, 5, 6, 8, 9, 15, 17, 20, 25, 40, 51, 61, 63, 68, 69, 74, 79, 86, 102, 111, 113, 123, 128, 129, 140, 153, 157, 173, 177, 190, 191, 198, 225, 232, 236, 237, 239, 246, 247, 260, 267, 268, 274, 276, 283, 287, 299, 308, 313, 314, 330, 333, 336, 342, 344, 358, 362, 364, 366, 380, 383, 384, 386, 389, 393, 398, 407, 413, 414, 419, 420, 424, 431, 436, 437, 438, 440, 441, 457, 474, 479, 482, 483, 484, 499, 502, 509, 511, 512, 516, 526, 532, 533, 543, 551, 560, 565, 586, 590, 593, 599, 600, 601, 602, 607, 611, 615, 616, 622, 635, 636, 653, 658, 669, 677, 684, 690, 697, 708, 710, 713, 718, 723, 726, 731, 745, 747, 752, 753, 767, 768, 772, 782, 791, 796, 805, 808, 810, 818, 828, 833, 840, 844, 846, 849, 852, 866, 877, 883, 893, 904, 909, 910, 917, 921, 926, 929, 931, 935, 944, 948, 964, 965, 966, 972, 976, 983, 987, 988, 1004, 1037, 1047, 1058, 1063, 1079, 1086, 1090, 1107, 1117, 1119, 1120, 1121, 1128, 1136, 1137, 1139, 1145, 1154, 1172, 1181, 1189, 1190, 1194, 1198, 1209, 1213, 1214, 1215, 1221, 1222, 1227, 1236, 1238, 1242, 1244, 1247, 1249, 1255, 1256, 1262, 1264, 1274, 1275, 1288, 1294, 1305, 1306, 1311, 1314, 1316, 1321, 1323, 1326, 1332, 1342, 1349, 1358, 1362, 1363, 1368, 1375, 1376, 1378, 1383, 1386, 1388, 1390, 1392, 1393, 1394, 1410, 1411, 1419, 1421, 1429, 1430, 1443, 1452, 1460, 1467, 1470, 1471, 1475, 1483, 1487, 1497, 1503, 1511, 1516, 1522, 1526, 1527, 1534, 1544, 1553, 1554, 1566, 1575, 1581, 1587]
  - number of used colours: 270