Path
  - source node: 1
  - destination node: 20000
  - path: [1, 2, 3, 203, 403, 603, 803, 1003, 1004, 1204, 1404, 1405, 1406, 1407, 1408, 1608, 1808, 2008, 2208, 2209, 2210, 2211, 2212, 2213, 2214, 2215, 2216, 2217, 2417, 2418, 2419, 2420, 2620, 2820, 2821, 2822, 2823, 2824, 2825, 3025, 3026, 3027, 3028, 2828, 2829, 2830, 2831, 3031, 3032, 3232, 3233, 3433, 3434, 3435, 3635, 3636, 3836, 3837, 3838, 4038, 4238, 4239, 4439, 4639, 4839, 5039, 5040, 5041, 5042, 5043, 5044, 5045, 5046, 5246, 5446, 5447, 5647, 5847, 5848, 6048, 6248, 6448, 6648, 6649, 6849, 7049, 7050, 7051, 7052, 7053, 7054, 7055, 7056, 7057, 7257, 7258, 7458, 7459, 7659, 7859, 7860, 7861, 7862, 8062, 8063, 8064, 8065, 8265, 8266, 8267, 8467, 8468, 8469, 8669, 8670, 8671, 8672, 8673, 8674, 8874, 8875, 8876, 8877, 8878, 9078, 9079, 9080, 9081, 9281, 9282, 9482, 9483, 9484, 9485, 9486, 9487, 9488, 9489, 9490, 9690, 9691, 9891, 9892, 9893, 9894, 9895, 10095, 10295, 10296, 10496, 10696, 10697, 10698, 10898, 10899, 10900, 10901, 10902, 10903, 11103, 11104, 11105, 11106, 11107, 11108, 11109, 11110, 11111, 11112, 11312, 11313, 11314, 11315, 11316, 11317, 11318, 11319, 11519, 11520, 11720, 11920, 11921, 11922, 12122, 12322, 12522, 12523, 12723, 12724, 12725, 12726, 12727, 12728, 12729, 12929, 12930, 12931, 13131, 13132, 13133, 13134, 13334, 13534, 13535, 13735, 13935, 13936, 14136, 14336, 14337, 14338, 14339, 14340, 14341, 14541, 14542, 14742, 14743, 14943, 14944, 15144, 15145, 15345, 15545, 15546, 15547, 15747, 15748, 15749, 15949, 15950, 16150, 16350, 16351, 16352, 16552, 16553, 16554, 16555, 16556, 16557, 16757, 16758, 16958, 16959, 16960, 16961, 16962, 16963, 17163, 17164, 17364, 17365, 17366, 17367, 17567, 17568, 17569, 17769, 17969, 18169, 18369, 18569, 18570, 18571, 18572, 18573, 18574, 18575, 18576, 18577, 18578, 18579, 18779, 18780, 18980, 18981, 18982, 18983, 18984, 19184, 19185, 19186, 19187, 19387, 19388, 19389, 19390, 19391, 19392, 19393, 19394, 19395, 19396, 19596, 19796, 19996, 19997, 19998, 19999, 20000]
  - number of used nodes: 301
  - cost: 9849
Colours
  - colours: [3, 6, 10, 15, 30, 32, 51, 55, 58, 66, 68, 72, 73, 76, 96, 99, 116, 117, 120, 122, 124, 125, 127, 130, 147, 148, 149, 154, 159, 162, 170, 171, 172, 176, 180, 196, 208, 211, 228, 229, 231, 235, 236, 238, 240, 241, 243, 245, 248, 259, 264, 270, 282, 283, 296, 301, 306, 316, 322, 323, 326, 329, 331, 332, 333, 335, 340, 341, 343, 344, 346, 354, 356, 359, 364, 370, 373, 383, 387, 392, 393, 397, 400, 402, 415, 433, 436, 448, 465, 466, 473, 478, 486, 489, 500, 503, 505, 508, 510, 519, 520, 538, 547, 557, 573, 580, 583, 587, 601, 604, 605, 614, 616, 619, 620, 625, 626, 629, 632, 640, 649, 654, 660, 670, 672, 674, 678, 688, 695, 698, 712, 718, 719, 721, 723, 735, 739, 749, 757, 766, 774, 775, 779, 780, 782, 783, 786, 790, 798, 811, 815, 832, 842, 844, 853, 860, 864, 867, 877, 882, 893, 909, 927, 928, 941, 949, 950, 951, 952, 957, 966, 973, 975, 980, 987, 1022, 1028, 1029, 1031, 1040, 1042, 1044, 1048, 1055, 1059, 1062, 1067, 1073, 1074, 1075, 1076, 1077, 1088, 1092, 1095, 1103, 1107, 1113, 1129, 1138, 1145, 1166, 1167, 1168, 1177, 1179, 1181, 1182, 1185, 1187, 1193, 1194, 1204, 1212, 1220, 1223, 1226, 1230, 1245, 1247, 1250, 1253, 1255, 1261, 1262, 1279, 1292, 1294, 1307, 1311, 1312, 1318, 1331, 1335, 1350, 1353, 1356, 1357, 1364, 1367, 1368, 1377, 1378, 1385, 1390, 1393, 1410, 1416, 1421, 1430, 1450, 1451, 1462, 1465, 1472, 1474, 1478, 1482, 1503, 1531, 1533, 1538, 1539, 1553, 1554, 1557, 1558, 1569, 1570, 1576, 1584]
  - number of used colours: 271
Time Colour Constrained Dijkstra Algorithm: 1.5
Formulation time (on reduced graph): 1.25
Total time: 2.75
Gap: 0.45689917758148035
Removed nodes percentage: 94.635
Removed arcs percentage: 95.90931989924432