Path
  - source node: 1
  - destination node: 20000
  - path: [1, 201, 401, 402, 403, 603, 604, 605, 805, 806, 1006, 1007, 1008, 1009, 1010, 1011, 1211, 1212, 1213, 1214, 1215, 1415, 1416, 1417, 1418, 1618, 1818, 2018, 2019, 2020, 2021, 2221, 2421, 2621, 2821, 3021, 3221, 3421, 3621, 3821, 4021, 4022, 4222, 4422, 4423, 4424, 4425, 4426, 4427, 4627, 4628, 4629, 4829, 4830, 5030, 5230, 5231, 5232, 5233, 5433, 5633, 5833, 5834, 6034, 6234, 6235, 6435, 6635, 6636, 6836, 7036, 7236, 7436, 7437, 7637, 7837, 7838, 7839, 7840, 7841, 7842, 7843, 7844, 8044, 8244, 8245, 8246, 8446, 8646, 8846, 9046, 9047, 9247, 9248, 9448, 9449, 9450, 9451, 9452, 9453, 9653, 9654, 9655, 9855, 10055, 10056, 10057, 10257, 10457, 10657, 10857, 10858, 10859, 10860, 11060, 11061, 11062, 11063, 11064, 11065, 11265, 11465, 11665, 11865, 11866, 12066, 12266, 12267, 12467, 12667, 12668, 12669, 12869, 13069, 13070, 13071, 13271, 13272, 13273, 13274, 13275, 13276, 13277, 13278, 13279, 13479, 13679, 13680, 13880, 14080, 14081, 14281, 14282, 14283, 14284, 14285, 14286, 14486, 14487, 14488, 14688, 14888, 15088, 15089, 15090, 15091, 15092, 15292, 15293, 15294, 15295, 15296, 15297, 15298, 15299, 15300, 15301, 15501, 15701, 15901, 15902, 15903, 15904, 15905, 15906, 15907, 16107, 16108, 16109, 16110, 16111, 16112, 16113, 16114, 16115, 16116, 16117, 16118, 16119, 16120, 16121, 15921, 15922, 15923, 15924, 15925, 15926, 15927, 15727, 15728, 15729, 15730, 15930, 15931, 15932, 16132, 16332, 16333, 16533, 16733, 16734, 16735, 16736, 16936, 17136, 17137, 17138, 17139, 17140, 17340, 17341, 17342, 17542, 17742, 17942, 17943, 18143, 18343, 18344, 18345, 18346, 18347, 18348, 18148, 18149, 18150, 18151, 18152, 18153, 18154, 18155, 18156, 18157, 18158, 18159, 18160, 18161, 18162, 18163, 18164, 18165, 18166, 18167, 18367, 18567, 18568, 18569, 18570, 18571, 18771, 18772, 18773, 18774, 18775, 18776, 18777, 18778, 18779, 18780, 18781, 18782, 18982, 19182, 19183, 19184, 19185, 19186, 19386, 19586, 19587, 19387, 19388, 19588, 19589, 19590, 19591, 19592, 19593, 19594, 19595, 19596, 19796, 19996, 19997, 19998, 19999, 20000]
  - number of used nodes: 307
  - cost: 9647
Colours
  - colours: [5, 8, 15, 18, 20, 23, 25, 27, 28, 33, 44, 52, 81, 85, 100, 107, 131, 133, 150, 154, 156, 170, 173, 176, 185, 187, 190, 198, 227, 228, 240, 244, 245, 250, 251, 261, 270, 271, 284, 288, 289, 295, 317, 325, 327, 330, 349, 360, 362, 376, 377, 378, 394, 398, 404, 406, 421, 434, 440, 453, 457, 458, 463, 469, 472, 482, 483, 491, 492, 496, 498, 504, 506, 507, 509, 515, 520, 539, 541, 550, 551, 553, 555, 571, 577, 585, 587, 590, 595, 598, 600, 602, 639, 660, 664, 674, 678, 681, 690, 693, 694, 697, 703, 708, 719, 721, 722, 723, 731, 735, 736, 738, 746, 748, 756, 757, 761, 766, 771, 777, 779, 783, 784, 785, 788, 804, 811, 813, 819, 832, 834, 837, 838, 840, 853, 861, 869, 871, 872, 874, 875, 878, 888, 890, 896, 903, 904, 910, 915, 918, 919, 921, 926, 931, 938, 944, 947, 952, 956, 959, 963, 968, 994, 1006, 1007, 1015, 1029, 1033, 1035, 1041, 1054, 1056, 1060, 1061, 1063, 1081, 1087, 1097, 1100, 1106, 1116, 1118, 1126, 1128, 1131, 1140, 1153, 1154, 1156, 1161, 1163, 1172, 1173, 1186, 1193, 1196, 1199, 1201, 1214, 1216, 1224, 1233, 1237, 1238, 1242, 1246, 1254, 1268, 1269, 1271, 1275, 1279, 1280, 1287, 1298, 1305, 1308, 1315, 1322, 1323, 1324, 1327, 1332, 1333, 1336, 1342, 1343, 1345, 1347, 1353, 1354, 1362, 1370, 1372, 1373, 1375, 1380, 1382, 1387, 1390, 1393, 1397, 1399, 1400, 1408, 1413, 1428, 1439, 1445, 1449, 1452, 1455, 1460, 1468, 1471, 1476, 1495, 1499, 1505, 1512, 1520, 1529, 1531, 1534, 1539, 1544, 1546, 1553, 1556, 1564, 1569, 1584, 1587]
  - number of used colours: 273
Time Colour Constrained Dijkstra Algorithm: 0.4
Time Reduction Algorithm: 0.15
Time Formulation: 9.07
Total time: 9.63
Gap: 2.1353788742614284
Removed nodes percentage: 72.05
Removed arcs percentage: 74.2015113350126
More Removed arcs percentage: 3.895723491505565

=================================================================================
Time complete formulation: 82.79
Path
  - source node: 1
  - destination node: 20000
  - path: [1, 201, 401, 402, 403, 603, 604, 605, 805, 806, 1006, 1007, 1008, 1009, 1010, 1011, 1211, 1212, 1213, 1214, 1215, 1415, 1416, 1417, 1418, 1618, 1818, 2018, 2019, 2020, 2021, 2221, 2421, 2621, 2821, 3021, 3221, 3421, 3621, 3821, 4021, 4022, 4222, 4422, 4423, 4424, 4425, 4426, 4427, 4627, 4628, 4629, 4829, 4830, 5030, 5230, 5231, 5232, 5233, 5433, 5633, 5833, 5834, 6034, 6234, 6235, 6435, 6635, 6636, 6836, 7036, 7236, 7436, 7437, 7637, 7837, 7838, 7839, 7840, 7841, 7842, 7843, 7844, 8044, 8244, 8245, 8246, 8446, 8646, 8846, 9046, 9047, 9247, 9248, 9448, 9449, 9450, 9451, 9452, 9453, 9653, 9654, 9655, 9855, 10055, 10056, 10057, 10257, 10457, 10657, 10857, 10858, 10859, 10860, 11060, 11061, 11062, 11063, 11064, 11065, 11265, 11465, 11665, 11865, 11866, 12066, 12266, 12267, 12467, 12667, 12668, 12669, 12869, 13069, 13070, 13071, 13271, 13272, 13273, 13274, 13275, 13276, 13277, 13278, 13279, 13479, 13679, 13680, 13880, 14080, 14081, 14281, 14282, 14283, 14284, 14285, 14286, 14486, 14487, 14488, 14688, 14888, 15088, 15089, 15090, 15091, 15092, 15292, 15293, 15294, 15295, 15296, 15297, 15298, 15299, 15300, 15301, 15501, 15701, 15901, 15902, 15903, 15904, 15905, 15906, 15907, 16107, 16108, 16109, 16110, 16111, 16112, 16113, 16114, 16115, 16116, 16117, 16118, 16119, 16120, 16121, 15921, 15922, 15923, 15924, 15925, 15926, 15927, 15727, 15728, 15729, 15730, 15930, 15931, 15932, 16132, 16332, 16333, 16533, 16733, 16734, 16735, 16736, 16936, 17136, 17137, 17138, 17139, 17140, 17340, 17341, 17342, 17542, 17742, 17942, 17943, 18143, 18343, 18344, 18345, 18346, 18347, 18348, 18148, 18149, 18150, 18151, 18152, 18153, 18154, 18155, 18156, 18157, 18158, 18159, 18160, 18161, 18162, 18163, 18164, 18165, 18166, 18167, 18367, 18567, 18568, 18569, 18570, 18571, 18771, 18772, 18773, 18774, 18775, 18776, 18777, 18778, 18779, 18780, 18781, 18782, 18982, 19182, 19183, 19184, 19185, 19186, 19386, 19586, 19587, 19387, 19388, 19588, 19589, 19590, 19591, 19592, 19593, 19594, 19595, 19596, 19796, 19996, 19997, 19998, 19999, 20000]
  - number of used nodes: 307
  - cost: 9647
Colours
  - colours: [5, 8, 15, 18, 20, 23, 25, 27, 28, 33, 44, 52, 81, 85, 100, 107, 131, 133, 150, 154, 156, 170, 173, 176, 185, 187, 190, 198, 227, 228, 240, 244, 245, 250, 251, 261, 270, 271, 284, 288, 289, 295, 317, 325, 327, 330, 349, 360, 362, 376, 377, 378, 394, 398, 404, 406, 421, 434, 440, 453, 457, 458, 463, 469, 472, 482, 483, 491, 492, 496, 498, 504, 506, 507, 509, 515, 520, 539, 541, 550, 551, 553, 555, 571, 577, 585, 587, 590, 595, 598, 600, 602, 639, 660, 664, 674, 678, 681, 690, 693, 694, 697, 703, 708, 719, 721, 722, 723, 731, 735, 736, 738, 746, 748, 756, 757, 761, 766, 771, 777, 779, 783, 784, 785, 788, 804, 811, 813, 819, 832, 834, 837, 838, 840, 853, 861, 869, 871, 872, 874, 875, 878, 888, 890, 896, 903, 904, 910, 915, 918, 919, 921, 926, 931, 938, 944, 947, 952, 956, 959, 963, 968, 994, 1006, 1007, 1015, 1029, 1033, 1035, 1041, 1054, 1056, 1060, 1061, 1063, 1081, 1087, 1097, 1100, 1106, 1116, 1118, 1126, 1128, 1131, 1140, 1153, 1154, 1156, 1161, 1163, 1172, 1173, 1186, 1193, 1196, 1199, 1201, 1214, 1216, 1224, 1233, 1237, 1238, 1242, 1246, 1254, 1268, 1269, 1271, 1275, 1279, 1280, 1287, 1298, 1305, 1308, 1315, 1322, 1323, 1324, 1327, 1332, 1333, 1336, 1342, 1343, 1345, 1347, 1353, 1354, 1362, 1370, 1372, 1373, 1375, 1380, 1382, 1387, 1390, 1393, 1397, 1399, 1400, 1408, 1413, 1428, 1439, 1445, 1449, 1452, 1455, 1460, 1468, 1471, 1476, 1495, 1499, 1505, 1512, 1520, 1529, 1531, 1534, 1539, 1544, 1546, 1553, 1556, 1564, 1569, 1584, 1587]
  - number of used colours: 273


RILP Time NO EXTRA REDUCTION: 9.86
