Path
  - source node: 1
  - destination node: 20000
  - path: [1, 201, 401, 601, 801, 802, 803, 1003, 1203, 1204, 1404, 1604, 1605, 1805, 1806, 2006, 2206, 2207, 2208, 2209, 2409, 2609, 2809, 3009, 3209, 3409, 3410, 3610, 3810, 4010, 4011, 4012, 4212, 4213, 4214, 4215, 4415, 4615, 4616, 4617, 4618, 4418, 4419, 4420, 4421, 4422, 4622, 4822, 5022, 5023, 5024, 5224, 5225, 5226, 5426, 5427, 5627, 5628, 5629, 5829, 6029, 6030, 6230, 6231, 6232, 6432, 6433, 6434, 6634, 6834, 7034, 7234, 7235, 7236, 7237, 7437, 7438, 7638, 7639, 7640, 7641, 7841, 8041, 8042, 8242, 8243, 8244, 8444, 8445, 8446, 8646, 8647, 8847, 8848, 8849, 8850, 8851, 9051, 9251, 9252, 9452, 9652, 9653, 9853, 10053, 10054, 10055, 10056, 10256, 10456, 10457, 10458, 10459, 10659, 10859, 11059, 11259, 11260, 11261, 11461, 11661, 11662, 11862, 11863, 11864, 12064, 12065, 12066, 12067, 12068, 12069, 12070, 12071, 12072, 12073, 12074, 12274, 12474, 12674, 12675, 12676, 12677, 12678, 12679, 12680, 12681, 12682, 12683, 12684, 12685, 12686, 12886, 13086, 13286, 13486, 13686, 13886, 13887, 13888, 13889, 14089, 14090, 14290, 14490, 14491, 14492, 14493, 14494, 14294, 14295, 14296, 14297, 14298, 14299, 14499, 14500, 14501, 14502, 14702, 14902, 14903, 14904, 14905, 14906, 14907, 14908, 14909, 14910, 14911, 14912, 14913, 15113, 15114, 15115, 15116, 15117, 15118, 15119, 15120, 15121, 15321, 15322, 15522, 15722, 15723, 15724, 15725, 15925, 16125, 16126, 16127, 16327, 16328, 16528, 16728, 16928, 16929, 16930, 16931, 17131, 17132, 17133, 17134, 17135, 17335, 17535, 17536, 17537, 17538, 17539, 17540, 17340, 17341, 17342, 17343, 17344, 17345, 17346, 17347, 17348, 17349, 17350, 17150, 17151, 17152, 17153, 17353, 17354, 17355, 17356, 17556, 17557, 17558, 17559, 17560, 17561, 17562, 17762, 17763, 17963, 17964, 17965, 18165, 18166, 18167, 18168, 18169, 18170, 18370, 18371, 18372, 18373, 18374, 18375, 18376, 18576, 18577, 18777, 18778, 18779, 18979, 18980, 18981, 18982, 18983, 18984, 18985, 18986, 19186, 19187, 19188, 19388, 19389, 19390, 19590, 19591, 19592, 19792, 19793, 19794, 19994, 19995, 19996, 19997, 19998, 19999, 20000]
  - number of used nodes: 307
  - cost: 9705
Colours
  - colours: {1024, 2, 1031, 11, 1037, 15, 18, 1043, 1045, 1046, 28, 1054, 1056, 1061, 41, 1066, 45, 51, 1084, 1085, 61, 1088, 1093, 72, 73, 1100, 80, 1106, 1111, 1114, 96, 1122, 102, 1126, 104, 1131, 110, 113, 1137, 1145, 124, 1155, 132, 1164, 1171, 1174, 154, 1179, 157, 158, 1183, 1185, 163, 167, 169, 170, 1202, 179, 181, 186, 187, 1212, 195, 196, 197, 206, 210, 1238, 1241, 219, 1246, 225, 1254, 230, 1256, 239, 242, 1269, 1271, 248, 250, 1276, 253, 252, 1277, 263, 266, 273, 1302, 1307, 284, 283, 285, 1311, 1316, 297, 301, 1328, 305, 308, 1335, 1336, 312, 1338, 1341, 1343, 327, 1352, 1356, 334, 1362, 340, 1369, 345, 1371, 350, 1382, 362, 1389, 1397, 1400, 380, 1405, 382, 385, 1410, 1412, 391, 401, 402, 1431, 1435, 416, 1445, 424, 1455, 432, 433, 1461, 438, 440, 442, 1469, 446, 1470, 448, 447, 450, 1482, 1483, 459, 460, 1485, 1488, 1490, 1501, 480, 481, 487, 1512, 1513, 490, 488, 493, 1519, 495, 500, 501, 502, 1529, 1535, 1544, 523, 527, 1552, 1553, 1555, 1556, 533, 534, 1559, 1560, 537, 1565, 542, 1567, 1566, 545, 546, 541, 549, 1574, 1580, 570, 579, 582, 592, 593, 602, 604, 605, 607, 608, 618, 620, 626, 628, 633, 641, 643, 648, 649, 653, 656, 659, 661, 663, 665, 666, 688, 692, 696, 702, 711, 716, 719, 732, 739, 742, 748, 752, 766, 767, 769, 774, 788, 797, 805, 806, 808, 810, 813, 821, 829, 834, 836, 838, 853, 858, 873, 880, 889, 891, 893, 894, 902, 906, 908, 927, 933, 936, 938, 945, 958, 960, 963, 966, 978, 980, 982, 989, 990, 1008, 1009, 1023}
  - number of used colours: 275
Time Colour Constrained Dijkstra Algorithm: 0.31
Formulation time (on reduced graph): 0.0
Total time: 0.31
Gap: 0
Removed nodes percentage: -1
Removed arcs percentage: -1