Path
  - source node: 1
  - destination node: 20000
  - path: [1, 201, 401, 601, 602, 802, 1002, 1003, 1004, 1204, 1205, 1206, 1207, 1208, 1209, 1210, 1410, 1411, 1412, 1413, 1613, 1614, 1814, 1815, 2015, 2016, 2216, 2217, 2218, 2219, 2220, 2221, 2421, 2422, 2423, 2424, 2624, 2625, 2626, 2627, 2827, 2828, 2829, 2830, 2831, 3031, 3032, 3033, 3034, 3234, 3235, 3435, 3635, 3636, 3637, 3638, 3639, 3640, 3641, 3841, 4041, 4042, 4242, 4243, 4244, 4245, 4246, 4247, 4447, 4448, 4449, 4649, 4650, 4651, 4851, 4852, 5052, 5053, 5253, 5453, 5454, 5455, 5456, 5457, 5458, 5658, 5659, 5660, 5661, 5662, 5663, 5863, 6063, 6263, 6463, 6663, 6863, 7063, 7263, 7264, 7464, 7664, 7665, 7666, 7866, 7867, 7868, 8068, 8268, 8269, 8469, 8669, 8670, 8671, 8672, 8673, 8674, 8675, 8676, 8677, 8678, 8679, 8680, 8681, 8682, 8683, 8684, 8884, 8885, 8886, 9086, 9087, 9088, 9089, 9289, 9489, 9490, 9491, 9492, 9493, 9494, 9694, 9894, 9895, 10095, 10096, 10097, 10098, 10099, 10100, 10300, 10301, 10302, 10502, 10503, 10504, 10505, 10506, 10507, 10508, 10509, 10709, 10710, 10711, 10712, 10713, 10714, 10715, 10915, 11115, 11116, 11117, 11118, 11318, 11518, 11519, 11520, 11521, 11522, 11523, 11524, 11525, 11725, 11925, 11926, 11927, 11928, 12128, 12129, 12329, 12330, 12331, 12332, 12333, 12334, 12534, 12535, 12536, 12736, 12936, 12937, 12938, 13138, 13139, 13140, 13340, 13341, 13342, 13542, 13742, 13743, 13744, 13745, 13746, 13946, 13947, 13948, 13949, 13950, 13951, 13952, 13953, 13954, 14154, 14155, 14156, 14157, 14158, 14159, 14160, 14161, 14162, 14163, 14164, 14165, 14166, 14167, 14168, 14368, 14369, 14370, 14371, 14372, 14572, 14772, 14773, 14774, 14974, 14975, 15175, 15375, 15376, 15377, 15378, 15379, 15579, 15779, 15979, 16179, 16180, 16181, 16182, 16382, 16383, 16583, 16783, 16784, 16984, 17184, 17185, 17186, 17187, 17387, 17388, 17389, 17589, 17789, 17790, 17990, 17991, 17992, 17993, 18193, 18194, 18394, 18395, 18396, 18596, 18796, 18996, 18997, 18998, 19198, 19398, 19399, 19400, 19600, 19800, 20000]
  - number of used nodes: 299
  - cost: 9834
Colours
  - colours: [4, 6, 10, 11, 31, 32, 39, 40, 41, 46, 62, 63, 66, 71, 77, 89, 109, 113, 117, 118, 127, 133, 149, 150, 159, 160, 174, 176, 179, 181, 185, 186, 195, 200, 201, 209, 210, 224, 239, 255, 256, 257, 263, 264, 272, 277, 278, 290, 310, 315, 321, 325, 334, 335, 345, 346, 347, 349, 359, 366, 368, 379, 381, 383, 390, 398, 401, 403, 407, 418, 425, 429, 436, 442, 459, 465, 472, 475, 482, 483, 486, 489, 490, 497, 509, 511, 523, 533, 541, 546, 548, 550, 554, 558, 567, 572, 573, 579, 581, 586, 588, 592, 601, 608, 609, 612, 630, 637, 651, 653, 665, 673, 681, 685, 692, 694, 700, 702, 703, 712, 713, 720, 722, 724, 752, 753, 763, 765, 769, 778, 781, 787, 794, 795, 806, 812, 822, 823, 824, 832, 844, 846, 850, 852, 854, 857, 860, 869, 870, 881, 885, 888, 890, 893, 913, 926, 928, 929, 934, 938, 950, 960, 965, 970, 977, 983, 997, 1007, 1011, 1015, 1017, 1028, 1029, 1036, 1038, 1041, 1043, 1045, 1046, 1060, 1086, 1090, 1093, 1115, 1118, 1119, 1125, 1135, 1157, 1169, 1179, 1188, 1201, 1203, 1208, 1209, 1219, 1227, 1231, 1232, 1239, 1243, 1249, 1253, 1254, 1255, 1256, 1261, 1267, 1268, 1278, 1281, 1283, 1288, 1296, 1298, 1299, 1300, 1308, 1315, 1321, 1324, 1327, 1339, 1347, 1350, 1352, 1361, 1364, 1372, 1383, 1396, 1399, 1411, 1416, 1425, 1435, 1437, 1449, 1458, 1461, 1462, 1466, 1468, 1472, 1474, 1477, 1481, 1484, 1490, 1491, 1503, 1519, 1522, 1532, 1533, 1535, 1539, 1562, 1574, 1578]
  - number of used colours: 261
Time Colour Constrained Dijkstra Algorithm: 0.42
Time Reduction Algorithm: 0.11
Time Formulation: 0.54
Total time: 1.07
Gap: 0.5796217205613179
Removed nodes percentage: 92.405
Removed arcs percentage: 94.23425692695214
More Removed arcs percentage: 9.436435124508524