Path
  - source node: 1
  - destination node: 20000
  - path: [1, 2, 3, 203, 204, 205, 206, 406, 407, 607, 807, 808, 809, 810, 811, 1011, 1012, 1013, 1014, 1015, 1215, 1216, 1217, 1417, 1418, 1618, 1619, 1620, 1621, 1622, 1822, 2022, 2023, 2024, 2025, 2026, 2027, 2028, 1828, 1829, 1830, 1630, 1631, 1632, 1633, 1634, 1635, 1835, 1836, 1837, 1838, 2038, 2039, 2239, 2439, 2440, 2441, 2442, 2443, 2444, 2445, 2645, 2646, 2846, 2847, 2848, 3048, 3248, 3249, 3449, 3450, 3451, 3452, 3453, 3454, 3654, 3655, 3656, 3657, 3658, 3858, 3859, 3860, 3861, 3862, 3863, 3864, 3865, 3866, 3867, 3868, 3869, 4069, 4070, 4270, 4470, 4471, 4671, 4871, 4872, 4873, 4874, 4875, 5075, 5275, 5276, 5476, 5477, 5677, 5877, 6077, 6277, 6477, 6677, 6678, 6878, 6879, 6880, 6881, 6882, 6883, 6884, 6885, 6886, 6887, 7087, 7287, 7288, 7289, 7290, 7291, 7292, 7293, 7493, 7693, 7694, 7894, 8094, 8095, 8096, 8097, 8098, 8099, 8299, 8300, 8500, 8501, 8502, 8503, 8504, 8704, 8705, 8706, 8906, 9106, 9306, 9307, 9507, 9508, 9509, 9510, 9511, 9512, 9513, 9514, 9714, 9715, 9915, 10115, 10116, 10316, 10317, 10517, 10518, 10718, 10719, 10919, 10920, 10921, 10922, 10923, 10924, 10925, 10926, 10726, 10727, 10728, 10729, 10730, 10731, 10732, 10733, 10734, 10934, 10935, 11135, 11335, 11336, 11337, 11537, 11737, 11738, 11938, 11939, 12139, 12339, 12340, 12341, 12541, 12741, 12742, 12743, 12943, 12944, 12945, 13145, 13345, 13346, 13347, 13348, 13349, 13350, 13351, 13551, 13552, 13553, 13554, 13555, 13755, 13756, 13757, 13758, 13759, 13760, 13761, 13762, 13763, 13764, 13964, 13965, 14165, 14365, 14366, 14566, 14766, 14767, 14967, 14968, 15168, 15169, 15170, 15171, 15371, 15571, 15771, 15772, 15773, 15774, 15974, 16174, 16175, 16176, 16376, 16576, 16776, 16976, 17176, 17376, 17377, 17378, 17578, 17579, 17580, 17581, 17582, 17782, 17783, 17784, 17984, 18184, 18185, 18186, 18386, 18586, 18587, 18588, 18589, 18590, 18790, 18990, 18991, 19191, 19192, 19193, 19194, 19195, 19395, 19396, 19397, 19597, 19598, 19798, 19998, 19999, 20000]
  - number of used nodes: 305
  - cost: 9602
Colours
  - colours: [0, 2, 9, 19, 20, 24, 28, 41, 45, 48, 49, 55, 56, 60, 67, 76, 95, 96, 100, 101, 111, 116, 121, 124, 127, 130, 133, 146, 147, 153, 155, 172, 182, 187, 193, 194, 195, 200, 204, 208, 217, 218, 227, 236, 244, 252, 259, 264, 267, 268, 269, 270, 273, 274, 286, 287, 288, 294, 313, 321, 328, 334, 336, 344, 345, 348, 359, 368, 373, 381, 383, 384, 387, 388, 389, 400, 402, 405, 406, 430, 431, 433, 435, 437, 440, 449, 457, 467, 472, 477, 493, 494, 498, 508, 522, 523, 529, 532, 535, 551, 552, 556, 560, 570, 580, 581, 587, 590, 595, 601, 604, 605, 606, 610, 623, 627, 628, 629, 632, 636, 639, 644, 650, 652, 655, 663, 680, 686, 687, 692, 708, 719, 720, 753, 760, 761, 762, 766, 770, 771, 791, 792, 799, 803, 806, 811, 812, 816, 823, 826, 839, 853, 857, 859, 866, 869, 871, 873, 880, 883, 890, 893, 908, 911, 914, 924, 933, 944, 950, 951, 953, 968, 970, 978, 1005, 1006, 1010, 1034, 1038, 1039, 1040, 1060, 1061, 1064, 1070, 1071, 1073, 1083, 1087, 1092, 1098, 1119, 1129, 1133, 1140, 1142, 1144, 1158, 1165, 1175, 1184, 1185, 1186, 1218, 1225, 1226, 1228, 1235, 1240, 1248, 1250, 1254, 1255, 1272, 1276, 1293, 1300, 1303, 1305, 1309, 1317, 1326, 1331, 1333, 1343, 1352, 1355, 1375, 1376, 1377, 1389, 1391, 1398, 1399, 1411, 1412, 1418, 1421, 1424, 1428, 1433, 1436, 1440, 1455, 1469, 1471, 1478, 1487, 1491, 1498, 1505, 1507, 1517, 1519, 1526, 1528, 1529, 1532, 1535, 1556, 1560, 1567, 1569, 1570, 1579, 1582, 1583, 1585]
  - number of used colours: 268
Time Colour Constrained Dijkstra Algorithm: 0.43
Time Reduction Algorithm: 0.12
Time Formulation: 3.41
Total time: 3.96
Gap: 1.4892730681108102
Removed nodes percentage: 79.18499999999999
Removed arcs percentage: 81.7103274559194
More Removed arcs percentage: 5.853188266079057

=================================================================================
Time complete formulation: 72.76
Path
  - source node: 1
  - destination node: 20000
  - path: [1, 2, 3, 203, 204, 205, 206, 406, 407, 607, 807, 808, 809, 810, 811, 1011, 1012, 1013, 1014, 1015, 1215, 1216, 1217, 1417, 1418, 1618, 1619, 1620, 1621, 1622, 1822, 2022, 2023, 2024, 2025, 2026, 2027, 2028, 1828, 1829, 1830, 1630, 1631, 1632, 1633, 1634, 1635, 1835, 1836, 1837, 1838, 2038, 2039, 2239, 2439, 2440, 2441, 2442, 2443, 2444, 2445, 2645, 2646, 2846, 2847, 2848, 3048, 3248, 3249, 3449, 3450, 3451, 3452, 3453, 3454, 3654, 3655, 3656, 3657, 3658, 3858, 3859, 3860, 3861, 3862, 3863, 3864, 3865, 3866, 3867, 3868, 3869, 4069, 4070, 4270, 4470, 4471, 4671, 4871, 4872, 4873, 4874, 4875, 5075, 5275, 5276, 5476, 5477, 5677, 5877, 6077, 6277, 6477, 6677, 6678, 6878, 6879, 6880, 6881, 6882, 6883, 6884, 6885, 6886, 6887, 7087, 7287, 7288, 7289, 7290, 7291, 7292, 7293, 7493, 7693, 7694, 7894, 8094, 8095, 8096, 8097, 8098, 8099, 8299, 8300, 8500, 8501, 8502, 8503, 8504, 8704, 8705, 8706, 8906, 9106, 9306, 9307, 9507, 9508, 9509, 9510, 9511, 9512, 9513, 9514, 9714, 9715, 9915, 10115, 10116, 10316, 10317, 10517, 10518, 10718, 10719, 10919, 10920, 10921, 10922, 10923, 10924, 10925, 10926, 10726, 10727, 10728, 10729, 10730, 10731, 10732, 10733, 10734, 10934, 10935, 11135, 11335, 11336, 11337, 11537, 11737, 11738, 11938, 11939, 12139, 12339, 12340, 12341, 12541, 12741, 12742, 12743, 12943, 12944, 12945, 13145, 13345, 13346, 13347, 13348, 13349, 13350, 13351, 13551, 13552, 13553, 13554, 13555, 13755, 13756, 13757, 13758, 13759, 13760, 13761, 13762, 13763, 13764, 13964, 13965, 14165, 14365, 14366, 14566, 14766, 14767, 14967, 14968, 15168, 15169, 15170, 15171, 15371, 15571, 15771, 15772, 15773, 15774, 15974, 16174, 16175, 16176, 16376, 16576, 16776, 16976, 17176, 17376, 17377, 17378, 17578, 17579, 17580, 17581, 17582, 17782, 17783, 17784, 17984, 18184, 18185, 18186, 18386, 18586, 18587, 18588, 18589, 18590, 18790, 18990, 18991, 19191, 19192, 19193, 19194, 19195, 19395, 19396, 19397, 19597, 19598, 19798, 19998, 19999, 20000]
  - number of used nodes: 305
  - cost: 9602
Colours
  - colours: [0, 2, 9, 19, 20, 24, 28, 41, 45, 48, 49, 55, 56, 60, 67, 76, 95, 96, 100, 101, 111, 116, 121, 124, 127, 130, 133, 146, 147, 153, 155, 172, 182, 187, 193, 194, 195, 200, 204, 208, 217, 218, 227, 236, 244, 252, 259, 264, 267, 268, 269, 270, 273, 274, 286, 287, 288, 294, 313, 321, 328, 334, 336, 344, 345, 348, 359, 368, 373, 381, 383, 384, 387, 388, 389, 400, 402, 405, 406, 430, 431, 433, 435, 437, 440, 449, 457, 467, 472, 477, 493, 494, 498, 508, 522, 523, 529, 532, 535, 551, 552, 556, 560, 570, 580, 581, 587, 590, 595, 601, 604, 605, 606, 610, 623, 627, 628, 629, 632, 636, 639, 644, 650, 652, 655, 663, 680, 686, 687, 692, 708, 719, 720, 753, 760, 761, 762, 766, 770, 771, 791, 792, 799, 803, 806, 811, 812, 816, 823, 826, 839, 853, 857, 859, 866, 869, 871, 873, 880, 883, 890, 893, 908, 911, 914, 924, 933, 944, 950, 951, 953, 968, 970, 978, 1005, 1006, 1010, 1034, 1038, 1039, 1040, 1060, 1061, 1064, 1070, 1071, 1073, 1083, 1087, 1092, 1098, 1119, 1129, 1133, 1140, 1142, 1144, 1158, 1165, 1175, 1184, 1185, 1186, 1218, 1225, 1226, 1228, 1235, 1240, 1248, 1250, 1254, 1255, 1272, 1276, 1293, 1300, 1303, 1305, 1309, 1317, 1326, 1331, 1333, 1343, 1352, 1355, 1375, 1376, 1377, 1389, 1391, 1398, 1399, 1411, 1412, 1418, 1421, 1424, 1428, 1433, 1436, 1440, 1455, 1469, 1471, 1478, 1487, 1491, 1498, 1505, 1507, 1517, 1519, 1526, 1528, 1529, 1532, 1535, 1556, 1560, 1567, 1569, 1570, 1579, 1582, 1583, 1585]
  - number of used colours: 268


RILP Time NO EXTRA REDUCTION: 4.05
