Path
  - source node: 1
  - destination node: 20000
  - path: [1, 2, 3, 4, 5, 6, 7, 207, 208, 209, 210, 211, 212, 412, 413, 613, 813, 1013, 1014, 1015, 1215, 1415, 1615, 1616, 1816, 2016, 2017, 2018, 2019, 2219, 2419, 2619, 2620, 2820, 2821, 2822, 2823, 3023, 3024, 3025, 3026, 3226, 3227, 3228, 3229, 3230, 3231, 3232, 3432, 3632, 3633, 3634, 3635, 3835, 4035, 4036, 4236, 4436, 4437, 4637, 4837, 4838, 4839, 4840, 4841, 5041, 5241, 5242, 5243, 5244, 5444, 5445, 5645, 5646, 5846, 5847, 6047, 6247, 6248, 6249, 6250, 6450, 6650, 6651, 6851, 6852, 6853, 6854, 6855, 6856, 6857, 6858, 6859, 7059, 7259, 7260, 7261, 7262, 7263, 7463, 7464, 7664, 7864, 8064, 8065, 8066, 8067, 8267, 8467, 8468, 8469, 8470, 8471, 8472, 8473, 8474, 8674, 8675, 8875, 8876, 8877, 8878, 8879, 8880, 8881, 8882, 9082, 9282, 9283, 9284, 9285, 9485, 9486, 9686, 9687, 9688, 9689, 9690, 9691, 9692, 9892, 9893, 9894, 9895, 9896, 9897, 9898, 10098, 10099, 10100, 10101, 10102, 10103, 10104, 10304, 10305, 10306, 10307, 10507, 10707, 10708, 10908, 11108, 11308, 11309, 11509, 11510, 11710, 11711, 11911, 12111, 12311, 12312, 12512, 12712, 12912, 12913, 12914, 13114, 13314, 13315, 13515, 13516, 13517, 13717, 13718, 13719, 13720, 13721, 13921, 13922, 13923, 13924, 13925, 13926, 14126, 14326, 14526, 14527, 14528, 14529, 14530, 14531, 14331, 14332, 14333, 14334, 14335, 14336, 14337, 14338, 14339, 14340, 14341, 14342, 14542, 14742, 14743, 14943, 14944, 15144, 15145, 15146, 15346, 15347, 15348, 15548, 15549, 15550, 15551, 15552, 15752, 15753, 15754, 15954, 16154, 16155, 16156, 16157, 16158, 16358, 16558, 16758, 16958, 16959, 17159, 17160, 17360, 17361, 17561, 17761, 17961, 18161, 18361, 18362, 18363, 18364, 18365, 18565, 18765, 18766, 18767, 18768, 18769, 18770, 18771, 18772, 18773, 18774, 18775, 18776, 18777, 18778, 18779, 18780, 18980, 18981, 18982, 18983, 18984, 18985, 18986, 18987, 19187, 19188, 19189, 19190, 19191, 19192, 19193, 19194, 19195, 19395, 19396, 19397, 19398, 19598, 19599, 19799, 19800, 20000]
  - number of used nodes: 301
  - cost: 9482
Colours
  - colours: {3, 4, 10, 11, 14, 19, 1043, 21, 22, 24, 25, 26, 1051, 31, 33, 38, 1068, 1069, 1071, 49, 56, 60, 1091, 1096, 73, 1098, 1105, 1109, 1110, 95, 98, 100, 1126, 104, 1130, 108, 112, 1139, 118, 121, 1145, 1147, 123, 126, 1158, 136, 1160, 1167, 1169, 1171, 156, 159, 163, 164, 165, 1188, 1190, 1194, 1195, 171, 1198, 1199, 176, 178, 184, 185, 189, 1219, 195, 198, 1223, 205, 1231, 1233, 1235, 212, 1237, 216, 222, 226, 1252, 230, 234, 1264, 241, 242, 1270, 246, 1272, 249, 252, 255, 257, 258, 259, 1290, 270, 1295, 272, 1297, 1298, 1300, 279, 1303, 1306, 1312, 1313, 1317, 1320, 1322, 1323, 1326, 1327, 1328, 303, 1332, 1339, 318, 319, 320, 1343, 1346, 1348, 1358, 338, 1362, 1365, 343, 344, 1367, 1372, 1376, 353, 1381, 1382, 363, 366, 1390, 1393, 1400, 1401, 379, 1404, 382, 1414, 1418, 401, 1425, 1441, 1448, 426, 427, 1450, 1453, 436, 1460, 1465, 445, 1470, 448, 452, 1479, 1480, 459, 1484, 1486, 1491, 468, 1493, 1494, 1498, 1503, 1511, 489, 1515, 1519, 502, 1526, 507, 1533, 512, 513, 1540, 517, 519, 1547, 1560, 537, 1562, 541, 545, 551, 1580, 1581, 557, 571, 575, 585, 586, 598, 603, 610, 620, 621, 623, 631, 649, 650, 654, 660, 663, 669, 671, 672, 676, 677, 680, 685, 687, 702, 707, 712, 713, 717, 719, 721, 729, 736, 737, 753, 768, 769, 770, 772, 775, 785, 788, 792, 795, 801, 808, 827, 837, 854, 855, 856, 857, 878, 892, 900, 901, 916, 924, 931, 932, 935, 936, 937, 943, 951, 953, 957, 961, 964, 981, 982, 987, 997, 999, 1013, 1023}
  - number of used colours: 271
Time Colour Constrained Dijkstra Algorithm: 0.63
Formulation time (on reduced graph): 0.0
Total time: 0.63
Gap: 0
Removed nodes percentage: -1
Removed arcs percentage: -1