Path
  - source node: 1
  - destination node: 20000
  - path: [1, 201, 202, 203, 403, 603, 803, 804, 805, 1005, 1205, 1405, 1605, 1805, 1806, 1807, 1808, 1809, 2009, 2209, 2409, 2609, 2809, 3009, 3010, 3011, 3012, 3212, 3412, 3612, 3613, 3614, 3615, 3616, 3816, 4016, 4017, 4217, 4218, 4219, 4220, 4221, 4222, 4223, 4423, 4623, 4624, 4824, 4825, 4826, 4827, 5027, 5028, 5228, 5428, 5429, 5629, 5630, 5631, 5632, 5633, 5634, 5635, 5636, 5637, 5638, 5838, 5839, 5840, 5841, 6041, 6042, 6043, 6044, 6244, 6245, 6246, 6446, 6447, 6448, 6648, 6848, 6849, 7049, 7249, 7449, 7450, 7451, 7452, 7453, 7454, 7455, 7655, 7656, 7657, 7857, 8057, 8257, 8457, 8458, 8459, 8460, 8461, 8462, 8662, 8663, 8863, 8864, 8865, 8866, 9066, 9067, 9068, 9069, 9070, 9270, 9271, 9272, 9472, 9672, 9673, 9873, 9874, 10074, 10274, 10474, 10475, 10476, 10477, 10478, 10479, 10679, 10680, 10681, 10682, 10882, 11082, 11282, 11283, 11483, 11484, 11485, 11486, 11487, 11687, 11688, 11888, 12088, 12089, 12090, 12290, 12291, 12292, 12293, 12294, 12295, 12296, 12297, 12298, 12299, 12300, 12301, 12302, 12303, 12304, 12305, 12505, 12506, 12507, 12508, 12509, 12510, 12511, 12311, 12312, 12313, 12314, 12315, 12316, 12317, 12517, 12518, 12519, 12520, 12521, 12522, 12523, 12524, 12525, 12526, 12726, 12727, 12728, 12729, 12730, 12930, 13130, 13131, 13132, 13332, 13333, 13334, 13335, 13535, 13735, 13736, 13737, 13937, 13938, 13939, 13940, 14140, 14141, 14142, 14143, 14144, 14145, 13945, 13946, 13947, 13948, 13949, 13950, 13951, 13952, 13953, 14153, 14154, 14354, 14355, 14356, 14357, 14358, 14359, 14159, 14160, 14161, 14162, 14163, 14363, 14563, 14763, 14764, 14765, 14766, 14767, 14768, 14769, 14969, 14970, 14971, 15171, 15172, 15372, 15373, 15573, 15773, 15973, 15974, 15975, 16175, 16375, 16376, 16576, 16776, 16976, 16977, 17177, 17178, 17378, 17578, 17579, 17580, 17581, 17381, 17382, 17383, 17384, 17385, 17585, 17586, 17786, 17787, 17788, 17789, 17790, 17791, 17991, 17992, 17993, 18193, 18393, 18593, 18793, 18993, 18994, 19194, 19394, 19395, 19396, 19397, 19597, 19797, 19798, 19799, 19800, 20000]
  - number of used nodes: 307
  - cost: 9605
Colours
  - colours: {0, 1, 1030, 7, 8, 1034, 12, 14, 1041, 1042, 1045, 25, 1051, 28, 29, 31, 1055, 34, 1059, 1064, 44, 46, 1079, 1086, 1091, 68, 1093, 75, 82, 83, 1114, 92, 96, 97, 98, 1129, 1130, 1135, 113, 116, 1148, 1149, 1150, 1153, 131, 1156, 1158, 1159, 137, 140, 1168, 1169, 144, 1172, 149, 1174, 148, 1177, 1183, 160, 162, 1192, 169, 173, 174, 1202, 1203, 1204, 1210, 1214, 192, 194, 1220, 199, 201, 203, 1228, 214, 1243, 225, 1250, 226, 1261, 1264, 241, 1266, 1269, 246, 1273, 1278, 1280, 257, 1282, 259, 1284, 1285, 1290, 268, 1293, 272, 1297, 1299, 276, 1303, 1304, 1311, 288, 291, 1317, 295, 1325, 303, 1333, 1335, 1336, 1337, 314, 318, 1345, 1347, 340, 341, 1371, 1377, 1378, 357, 366, 1391, 371, 373, 377, 378, 1403, 381, 1420, 1421, 397, 396, 1427, 1431, 1432, 408, 413, 1438, 1437, 424, 425, 427, 432, 434, 1459, 436, 1463, 442, 1467, 447, 1474, 453, 454, 1482, 1485, 469, 471, 474, 478, 1505, 1508, 485, 1515, 501, 509, 512, 1542, 1547, 1554, 531, 532, 1557, 534, 1558, 536, 540, 1566, 1569, 1571, 1578, 1581, 1583, 1584, 1586, 568, 582, 583, 587, 591, 601, 608, 609, 611, 612, 614, 622, 639, 640, 665, 671, 673, 675, 685, 690, 691, 696, 699, 708, 713, 727, 728, 731, 732, 748, 749, 763, 773, 774, 778, 783, 788, 803, 805, 807, 810, 816, 822, 823, 826, 827, 830, 837, 839, 840, 860, 880, 883, 894, 898, 908, 911, 919, 921, 922, 926, 930, 932, 938, 940, 941, 945, 952, 956, 958, 960, 961, 964, 966, 982, 985, 990, 992, 997, 1004, 1012, 1014, 1015, 1017, 1021}
  - number of used colours: 275
Time Colour Constrained Dijkstra Algorithm: 0.09
Total time: 0.09
Gap: 0
Removed nodes percentage: -1
Removed arcs percentage: -1