Path
  - source node: 1
  - destination node: 20000
  - path: [1, 2, 3, 203, 204, 205, 206, 207, 208, 408, 409, 410, 411, 412, 612, 613, 614, 814, 815, 816, 817, 818, 618, 619, 620, 820, 821, 822, 823, 824, 825, 1025, 1225, 1226, 1227, 1427, 1627, 1628, 1629, 1829, 1830, 1831, 1832, 1833, 1834, 1835, 1836, 1837, 1838, 2038, 2039, 2040, 2240, 2440, 2441, 2641, 2642, 2643, 2644, 2444, 2445, 2446, 2447, 2448, 2648, 2649, 2849, 3049, 3050, 3051, 3052, 3053, 3054, 3055, 3056, 3057, 3058, 3059, 3259, 3260, 3261, 3461, 3462, 3463, 3464, 3465, 3466, 3467, 3468, 3668, 3868, 4068, 4268, 4468, 4469, 4470, 4471, 4472, 4473, 4474, 4475, 4476, 4676, 4677, 4678, 4679, 4680, 4880, 4881, 4882, 5082, 5083, 5283, 5284, 5285, 5286, 5086, 5087, 5088, 5288, 5289, 5489, 5490, 5491, 5492, 5692, 5892, 6092, 6093, 6293, 6294, 6295, 6296, 6297, 6298, 6498, 6499, 6500, 6700, 6900, 6901, 6902, 6903, 6904, 7104, 7304, 7504, 7704, 7705, 7905, 7906, 7907, 8107, 8108, 8308, 8309, 8310, 8510, 8511, 8512, 8712, 8713, 8913, 8914, 9114, 9314, 9315, 9515, 9516, 9716, 9717, 9917, 10117, 10118, 10119, 10120, 10121, 10321, 10322, 10323, 10324, 10325, 10525, 10526, 10527, 10528, 10529, 10530, 10531, 10731, 10931, 11131, 11132, 11133, 11134, 11334, 11534, 11535, 11735, 11736, 11737, 11738, 11938, 12138, 12139, 12140, 12141, 12142, 12342, 12542, 12543, 12544, 12545, 12745, 12746, 12946, 12947, 12948, 12949, 13149, 13150, 13350, 13351, 13352, 13353, 13553, 13554, 13555, 13556, 13557, 13757, 13758, 13958, 14158, 14358, 14558, 14559, 14560, 14561, 14562, 14762, 14763, 14764, 14964, 14965, 14966, 15166, 15167, 15168, 15169, 15170, 15370, 15371, 15372, 15373, 15374, 15574, 15774, 15775, 15975, 15976, 16176, 16376, 16377, 16577, 16578, 16579, 16580, 16581, 16582, 16583, 16584, 16585, 16785, 16985, 17185, 17186, 17187, 17387, 17587, 17588, 17589, 17789, 17790, 17791, 17792, 17793, 17794, 17795, 17796, 17797, 17798, 17998, 18198, 18398, 18399, 18599, 18799, 18999, 19199, 19399, 19599, 19799, 19800, 20000]
  - number of used nodes: 305
  - cost: 9740
Colours
  - colours: [4, 5, 12, 15, 16, 23, 29, 33, 40, 43, 50, 54, 61, 64, 79, 80, 89, 90, 99, 103, 111, 127, 133, 136, 158, 161, 169, 175, 176, 190, 197, 198, 208, 218, 220, 230, 232, 235, 241, 246, 254, 255, 262, 264, 265, 267, 301, 313, 315, 328, 330, 336, 339, 341, 344, 349, 351, 352, 354, 356, 361, 372, 386, 392, 398, 399, 401, 404, 413, 423, 425, 428, 429, 430, 432, 440, 453, 460, 465, 468, 473, 481, 482, 487, 493, 504, 507, 514, 524, 527, 528, 531, 533, 542, 547, 548, 571, 578, 591, 598, 599, 600, 605, 611, 612, 614, 618, 626, 635, 641, 646, 651, 660, 662, 668, 673, 674, 682, 684, 688, 694, 701, 719, 725, 726, 741, 743, 744, 749, 750, 752, 761, 765, 769, 770, 779, 782, 787, 788, 793, 797, 800, 804, 810, 813, 822, 830, 841, 853, 855, 862, 863, 871, 877, 882, 883, 887, 894, 895, 905, 919, 946, 954, 962, 964, 978, 992, 994, 995, 997, 1005, 1008, 1012, 1013, 1024, 1028, 1033, 1034, 1056, 1062, 1063, 1068, 1069, 1070, 1074, 1075, 1082, 1085, 1096, 1098, 1105, 1115, 1121, 1124, 1126, 1135, 1145, 1148, 1149, 1153, 1168, 1169, 1170, 1171, 1175, 1184, 1185, 1190, 1194, 1195, 1202, 1212, 1218, 1224, 1233, 1240, 1258, 1259, 1261, 1267, 1270, 1273, 1277, 1280, 1291, 1295, 1301, 1302, 1316, 1327, 1329, 1330, 1336, 1337, 1346, 1350, 1356, 1358, 1371, 1372, 1376, 1378, 1401, 1403, 1409, 1413, 1416, 1420, 1421, 1438, 1443, 1452, 1456, 1463, 1468, 1470, 1476, 1499, 1503, 1507, 1513, 1515, 1517, 1520, 1529, 1540, 1541, 1543, 1553, 1566, 1568, 1580]
  - number of used colours: 272
Time Colour Constrained Dijkstra Algorithm: 0.17
Time Reduction Algorithm: 0.14
Time Formulation: 0.1
Total time: 0.42
Gap: 0.02053388090349076
Removed nodes percentage: 96.83
Removed arcs percentage: 97.93954659949623
More Removed arcs percentage: 11.002444987775062