Path
  - source node: 1
  - destination node: 20000
  - path: [1, 2, 3, 4, 204, 205, 206, 207, 208, 209, 409, 410, 411, 412, 212, 213, 214, 414, 415, 416, 616, 617, 618, 818, 819, 820, 821, 1021, 1221, 1222, 1223, 1423, 1424, 1624, 1625, 1626, 1627, 1628, 1828, 2028, 2228, 2428, 2628, 2629, 2829, 3029, 3229, 3230, 3430, 3431, 3631, 3632, 3633, 3833, 3834, 4034, 4035, 4235, 4236, 4237, 4437, 4438, 4439, 4440, 4640, 4641, 4642, 4643, 4644, 4844, 4845, 4846, 4847, 4848, 4849, 4649, 4650, 4651, 4652, 4653, 4853, 5053, 5253, 5254, 5255, 5055, 5056, 5256, 5456, 5656, 5657, 5857, 5858, 5859, 6059, 6060, 6061, 6062, 6063, 6064, 6065, 6066, 6266, 6267, 6467, 6667, 6867, 7067, 7267, 7467, 7468, 7668, 7669, 7869, 7870, 8070, 8270, 8470, 8670, 8671, 8871, 8872, 9072, 9073, 9273, 9274, 9275, 9276, 9076, 9077, 9078, 9079, 9080, 9081, 9082, 9282, 9283, 9284, 9484, 9485, 9486, 9487, 9488, 9489, 9490, 9491, 9492, 9493, 9494, 9694, 9695, 9696, 9697, 9698, 9699, 9700, 9701, 9702, 9902, 9903, 9904, 9905, 9906, 9706, 9707, 9907, 9908, 10108, 10308, 10508, 10708, 10709, 10710, 10910, 10911, 10912, 10913, 11113, 11313, 11314, 11315, 11515, 11715, 11915, 11916, 12116, 12316, 12317, 12517, 12717, 12917, 13117, 13118, 13119, 13120, 13121, 13122, 13123, 13323, 13523, 13723, 13923, 13924, 13925, 14125, 14325, 14326, 14327, 14328, 14528, 14529, 14530, 14531, 14532, 14533, 14534, 14734, 14735, 14736, 14737, 14738, 14739, 14740, 14940, 15140, 15141, 15142, 15342, 15542, 15742, 15743, 15943, 16143, 16343, 16543, 16544, 16545, 16745, 16746, 16747, 16748, 16749, 16750, 16751, 16752, 16952, 17152, 17153, 17154, 17354, 17355, 17555, 17755, 17756, 17757, 17957, 17958, 17959, 18159, 18359, 18559, 18560, 18760, 18761, 18762, 18763, 18764, 18964, 18965, 18966, 18967, 18968, 18969, 18970, 18971, 19171, 19371, 19372, 19373, 19374, 19375, 19376, 19377, 19177, 19178, 19179, 19180, 19181, 19182, 19183, 19184, 19384, 19385, 19386, 19186, 19187, 19188, 19189, 19389, 19589, 19590, 19591, 19592, 19593, 19594, 19595, 19795, 19995, 19996, 19997, 19998, 19999, 20000]
  - number of used nodes: 313
  - cost: 9131
Colours
  - colours: {6, 8, 1034, 14, 15, 16, 1042, 25, 1049, 1050, 28, 29, 30, 31, 1056, 1058, 1059, 1061, 1067, 1069, 47, 1072, 1075, 53, 1081, 58, 1090, 1093, 1094, 71, 70, 1098, 77, 1104, 86, 1113, 89, 1115, 1117, 1122, 1127, 1128, 107, 109, 116, 1142, 1143, 118, 1145, 124, 128, 129, 1155, 1159, 135, 1161, 138, 1169, 153, 1178, 1179, 1180, 1177, 158, 161, 1190, 1193, 170, 1196, 175, 1200, 177, 178, 179, 1204, 182, 1207, 186, 188, 1212, 1218, 1225, 202, 204, 1230, 1231, 1235, 1237, 216, 1241, 1242, 1244, 1245, 1246, 1250, 1254, 230, 232, 244, 1269, 246, 1271, 1270, 252, 253, 1283, 259, 1289, 1290, 1291, 265, 1294, 273, 274, 1299, 1300, 277, 278, 1308, 288, 289, 1315, 296, 298, 299, 1324, 1328, 1330, 312, 1337, 1336, 1345, 1347, 324, 323, 334, 1364, 340, 343, 1368, 1370, 1372, 352, 353, 360, 361, 1387, 368, 369, 372, 1399, 376, 378, 1407, 384, 1411, 389, 1413, 401, 405, 1434, 1437, 414, 1443, 1445, 423, 1448, 1447, 428, 1454, 430, 1458, 1459, 440, 1466, 443, 1471, 456, 457, 459, 1487, 1490, 474, 478, 482, 1509, 488, 1513, 1516, 501, 1526, 508, 1538, 1539, 516, 520, 531, 1555, 1561, 540, 551, 552, 557, 1582, 1583, 569, 572, 574, 580, 581, 585, 592, 598, 604, 609, 614, 618, 626, 631, 634, 636, 638, 639, 649, 656, 661, 682, 690, 694, 703, 705, 714, 731, 733, 734, 737, 745, 753, 756, 764, 767, 768, 782, 794, 803, 805, 812, 841, 844, 851, 853, 864, 867, 868, 870, 871, 874, 879, 880, 883, 885, 890, 903, 917, 918, 920, 925, 930, 932, 938, 944, 945, 948, 949, 951, 962, 964, 969, 971, 978, 985, 1000, 1006, 1010, 1014, 1016}
  - number of used colours: 286
Time Colour Constrained Dijkstra Algorithm: 0.09
Time Reduction Algorithm: 0
Time Formulation: 0
Total time: 0.09
Gap: 0
Removed nodes percentage: -1
Removed arcs percentage: -1
More Removed arcs percentage: -1

=================================================================================
Time complete formulation: 63.5
Path
  - source node: 1
  - destination node: 20000
  - path: [1, 2, 3, 4, 204, 205, 206, 207, 208, 209, 409, 410, 411, 412, 212, 213, 214, 414, 415, 416, 616, 617, 618, 818, 819, 820, 821, 1021, 1221, 1222, 1223, 1423, 1424, 1624, 1625, 1626, 1627, 1628, 1828, 2028, 2228, 2428, 2628, 2629, 2829, 3029, 3229, 3230, 3430, 3431, 3631, 3632, 3633, 3833, 3834, 4034, 4035, 4235, 4236, 4237, 4437, 4438, 4439, 4440, 4640, 4641, 4642, 4643, 4644, 4844, 4845, 4846, 4847, 4848, 4849, 4649, 4650, 4651, 4652, 4653, 4853, 5053, 5253, 5254, 5255, 5055, 5056, 5256, 5456, 5656, 5657, 5857, 5858, 5859, 6059, 6060, 6061, 6062, 6063, 6064, 6065, 6066, 6266, 6267, 6467, 6667, 6867, 7067, 7267, 7467, 7468, 7668, 7669, 7869, 7870, 8070, 8270, 8470, 8670, 8671, 8871, 8872, 9072, 9073, 9273, 9274, 9275, 9276, 9076, 9077, 9078, 9079, 9080, 9081, 9082, 9282, 9283, 9284, 9484, 9485, 9486, 9487, 9488, 9489, 9490, 9491, 9492, 9493, 9494, 9694, 9695, 9696, 9697, 9698, 9699, 9700, 9701, 9702, 9902, 9903, 9904, 9905, 9906, 9706, 9707, 9907, 9908, 10108, 10308, 10508, 10708, 10709, 10710, 10910, 10911, 10912, 10913, 11113, 11313, 11314, 11315, 11515, 11715, 11915, 11916, 12116, 12316, 12317, 12517, 12717, 12917, 13117, 13118, 13119, 13120, 13121, 13122, 13123, 13323, 13523, 13723, 13923, 13924, 13925, 14125, 14325, 14326, 14327, 14328, 14528, 14529, 14530, 14531, 14532, 14533, 14534, 14734, 14735, 14736, 14737, 14738, 14739, 14740, 14940, 15140, 15141, 15142, 15342, 15542, 15742, 15743, 15943, 16143, 16343, 16543, 16544, 16545, 16745, 16746, 16747, 16748, 16749, 16750, 16751, 16752, 16952, 17152, 17153, 17154, 17354, 17355, 17555, 17755, 17756, 17757, 17957, 17958, 17959, 18159, 18359, 18559, 18560, 18760, 18761, 18762, 18763, 18764, 18964, 18965, 18966, 18967, 18968, 18969, 18970, 18971, 19171, 19371, 19372, 19373, 19374, 19375, 19376, 19377, 19177, 19178, 19179, 19180, 19181, 19182, 19183, 19184, 19384, 19385, 19386, 19186, 19187, 19188, 19189, 19389, 19589, 19590, 19591, 19592, 19593, 19594, 19595, 19795, 19995, 19996, 19997, 19998, 19999, 20000]
  - number of used nodes: 313
  - cost: 9131
Colours
  - colours: [6, 8, 14, 15, 16, 25, 28, 29, 30, 31, 47, 53, 58, 70, 71, 77, 86, 89, 107, 109, 116, 118, 124, 128, 129, 135, 138, 153, 158, 161, 170, 175, 177, 178, 179, 182, 186, 188, 202, 204, 216, 230, 232, 244, 246, 252, 253, 259, 265, 273, 274, 277, 278, 288, 289, 296, 298, 299, 312, 323, 324, 334, 340, 343, 352, 353, 360, 361, 368, 369, 372, 376, 378, 384, 389, 401, 405, 414, 423, 428, 430, 440, 443, 456, 457, 459, 474, 478, 482, 488, 501, 508, 516, 520, 531, 540, 551, 552, 557, 569, 572, 574, 580, 581, 585, 592, 598, 604, 609, 614, 618, 626, 631, 634, 636, 638, 639, 649, 656, 661, 682, 690, 694, 703, 705, 714, 731, 733, 734, 737, 745, 753, 756, 764, 767, 768, 782, 794, 803, 805, 812, 841, 844, 851, 853, 864, 867, 868, 870, 871, 874, 879, 880, 883, 885, 890, 903, 917, 918, 920, 925, 930, 932, 938, 944, 945, 948, 949, 951, 962, 964, 969, 971, 978, 985, 1000, 1006, 1010, 1014, 1016, 1034, 1042, 1049, 1050, 1056, 1058, 1059, 1061, 1067, 1069, 1072, 1075, 1081, 1090, 1093, 1094, 1098, 1104, 1113, 1115, 1117, 1122, 1127, 1128, 1142, 1143, 1145, 1155, 1159, 1161, 1169, 1177, 1178, 1179, 1180, 1190, 1193, 1196, 1200, 1204, 1207, 1212, 1218, 1225, 1230, 1231, 1235, 1237, 1241, 1242, 1244, 1245, 1246, 1250, 1254, 1269, 1270, 1271, 1283, 1289, 1290, 1291, 1294, 1299, 1300, 1308, 1315, 1324, 1328, 1330, 1336, 1337, 1345, 1347, 1364, 1368, 1370, 1372, 1387, 1399, 1407, 1411, 1413, 1434, 1437, 1443, 1445, 1447, 1448, 1454, 1458, 1459, 1466, 1471, 1487, 1490, 1509, 1513, 1516, 1526, 1538, 1539, 1555, 1561, 1582, 1583]
  - number of used colours: 286


RILP Time NO EXTRA REDUCTION: 0.09
