Path
  - source node: 1
  - destination node: 10000
  - path: [1, 2, 102, 103, 203, 303, 403, 503, 603, 604, 704, 705, 805, 806, 807, 907, 1007, 1107, 1108, 1109, 1110, 1111, 1112, 1212, 1312, 1313, 1314, 1315, 1415, 1515, 1516, 1517, 1518, 1418, 1419, 1420, 1421, 1422, 1423, 1424, 1425, 1426, 1526, 1626, 1726, 1826, 1827, 1927, 2027, 2127, 2227, 2327, 2427, 2428, 2528, 2628, 2728, 2729, 2829, 2830, 2930, 3030, 3031, 3032, 3033, 3034, 3035, 3036, 3037, 3137, 3237, 3337, 3437, 3537, 3538, 3638, 3738, 3838, 3938, 4038, 4138, 4238, 4239, 4339, 4439, 4539, 4540, 4640, 4641, 4741, 4841, 4842, 4843, 4943, 5043, 5143, 5243, 5244, 5245, 5345, 5346, 5446, 5546, 5646, 5647, 5747, 5748, 5848, 5948, 5949, 6049, 6149, 6150, 6151, 6152, 6252, 6352, 6353, 6453, 6454, 6554, 6654, 6754, 6854, 6855, 6955, 6956, 7056, 7156, 7157, 7158, 7159, 7160, 7161, 7162, 7163, 7263, 7363, 7364, 7365, 7366, 7367, 7467, 7567, 7568, 7668, 7768, 7769, 7669, 7670, 7770, 7771, 7772, 7773, 7774, 7775, 7776, 7876, 7976, 8076, 8077, 8177, 8277, 8377, 8378, 8478, 8578, 8579, 8679, 8779, 8879, 8880, 8881, 8882, 8883, 8983, 8984, 8985, 8986, 9086, 9087, 9088, 9089, 9090, 9091, 9191, 9291, 9391, 9491, 9492, 9493, 9593, 9594, 9694, 9794, 9795, 9796, 9797, 9798, 9799, 9800, 9900, 10000]
  - number of used nodes: 203
  - cost: 5996
Colours
  - colours: [4096, 5, 10, 2091, 4151, 4177, 84, 2141, 2148, 2149, 101, 4199, 106, 117, 124, 145, 175, 2235, 4289, 2249, 248, 253, 4355, 2314, 2321, 2332, 2336, 2351, 316, 2376, 4447, 367, 373, 4470, 2424, 2425, 415, 416, 427, 2484, 2500, 2506, 464, 4559, 467, 2537, 4587, 4590, 4593, 4601, 4618, 2579, 538, 553, 2632, 2633, 2653, 616, 619, 2678, 2692, 646, 2709, 668, 2729, 692, 2742, 4800, 4802, 4835, 741, 2795, 4851, 2809, 4865, 2830, 790, 799, 4906, 815, 2874, 4932, 846, 2898, 4948, 853, 2904, 864, 4984, 5001, 911, 938, 3011, 5066, 974, 3040, 992, 5096, 5101, 5102, 1011, 3071, 5151, 5156, 5161, 3113, 3125, 5173, 3131, 3148, 5196, 1115, 5221, 3198, 5260, 5269, 1178, 5277, 3241, 1218, 1235, 3287, 3290, 5341, 3295, 5347, 1265, 1296, 5395, 3361, 3394, 5456, 3410, 5465, 5466, 3426, 1380, 3451, 1414, 1421, 1425, 3481, 5536, 1441, 1467, 1475, 5573, 5606, 1512, 3562, 5622, 5640, 3607, 5660, 5662, 3613, 3628, 5679, 1654, 5752, 5754, 5774, 3757, 3756, 3762, 1727, 5828, 1744, 5853, 3814, 5865, 1770, 1778, 5886, 5892, 1803, 5903, 3855, 1813, 1820, 3891, 1868, 1870, 3942, 1898, 3953, 3973, 4004, 1974, 1983, 1992, 4047, 4068, 2027, 2029, 2034]
  - number of used colours: 196
Time Colour Constrained Dijkstra Algorithm: 0.14
Time Reduction Algorithm: 0.05
Time Formulation: 0.05
Total time: 0.24
Gap: 0.15010006671114076
Removed nodes percentage: 95.89999999999999
Removed arcs percentage: 97.45959595959596
More Removed arcs percentage: 6.958250497017893
=================================================================================
Time complete formulation: 18.22
Path
  - source node: 1
  - destination node: 10000
  - path: [1, 2, 102, 103, 203, 303, 403, 503, 603, 604, 704, 705, 805, 806, 807, 907, 1007, 1107, 1108, 1109, 1110, 1111, 1112, 1212, 1312, 1313, 1314, 1315, 1415, 1515, 1516, 1517, 1518, 1418, 1419, 1420, 1421, 1422, 1423, 1424, 1425, 1426, 1526, 1626, 1726, 1826, 1827, 1927, 2027, 2127, 2227, 2327, 2427, 2428, 2528, 2628, 2728, 2729, 2829, 2830, 2930, 3030, 3031, 3032, 3033, 3034, 3035, 3036, 3037, 3137, 3237, 3337, 3437, 3537, 3538, 3638, 3738, 3838, 3938, 4038, 4138, 4238, 4239, 4339, 4439, 4539, 4540, 4640, 4641, 4741, 4841, 4842, 4843, 4943, 5043, 5143, 5243, 5244, 5245, 5345, 5346, 5446, 5546, 5646, 5647, 5747, 5748, 5848, 5948, 5949, 6049, 6149, 6150, 6151, 6152, 6252, 6352, 6353, 6453, 6454, 6554, 6654, 6754, 6854, 6855, 6955, 6956, 7056, 7156, 7157, 7158, 7159, 7160, 7161, 7162, 7163, 7263, 7363, 7364, 7365, 7366, 7367, 7467, 7567, 7568, 7668, 7768, 7769, 7669, 7670, 7770, 7771, 7772, 7773, 7774, 7775, 7776, 7876, 7976, 8076, 8077, 8177, 8277, 8377, 8378, 8478, 8578, 8579, 8679, 8779, 8879, 8880, 8881, 8882, 8883, 8983, 8984, 8985, 8986, 9086, 9087, 9088, 9089, 9090, 9091, 9191, 9291, 9391, 9491, 9492, 9493, 9593, 9594, 9694, 9794, 9795, 9796, 9797, 9798, 9799, 9800, 9900, 10000]
  - number of used nodes: 203
  - cost: 5996
Colours
  - colours: [5, 10, 84, 101, 106, 117, 124, 145, 175, 248, 253, 316, 367, 373, 415, 416, 427, 464, 467, 538, 553, 616, 619, 646, 668, 692, 741, 790, 799, 815, 846, 853, 864, 911, 938, 974, 992, 1011, 1115, 1178, 1218, 1235, 1265, 1296, 1380, 1414, 1421, 1425, 1441, 1467, 1475, 1512, 1654, 1727, 1744, 1770, 1778, 1803, 1813, 1820, 1868, 1870, 1898, 1974, 1983, 1992, 2027, 2029, 2034, 2091, 2141, 2148, 2149, 2235, 2249, 2314, 2321, 2332, 2336, 2351, 2376, 2424, 2425, 2484, 2500, 2506, 2537, 2579, 2632, 2633, 2653, 2678, 2692, 2709, 2729, 2742, 2795, 2809, 2830, 2874, 2898, 2904, 3011, 3040, 3071, 3113, 3125, 3131, 3148, 3198, 3241, 3287, 3290, 3295, 3361, 3394, 3410, 3426, 3451, 3481, 3562, 3607, 3613, 3628, 3756, 3757, 3762, 3814, 3855, 3891, 3942, 3953, 3973, 4004, 4047, 4068, 4096, 4151, 4177, 4199, 4289, 4355, 4447, 4470, 4559, 4587, 4590, 4593, 4601, 4618, 4800, 4802, 4835, 4851, 4865, 4906, 4932, 4948, 4984, 5001, 5066, 5096, 5101, 5102, 5151, 5156, 5161, 5173, 5196, 5221, 5260, 5269, 5277, 5341, 5347, 5395, 5456, 5465, 5466, 5536, 5573, 5606, 5622, 5640, 5660, 5662, 5679, 5752, 5754, 5774, 5828, 5853, 5865, 5886, 5892, 5903]
  - number of used colours: 196