Path
  - source node: 1
  - destination node: 10000
  - path: [1, 101, 102, 202, 302, 303, 304, 305, 306, 406, 407, 507, 508, 509, 609, 610, 611, 612, 613, 614, 615, 616, 617, 618, 619, 620, 621, 622, 623, 723, 724, 725, 726, 727, 728, 828, 928, 1028, 1128, 1228, 1229, 1329, 1429, 1529, 1530, 1531, 1631, 1632, 1633, 1733, 1732, 1832, 1833, 1834, 1934, 2034, 2035, 2036, 2136, 2236, 2237, 2238, 2338, 2339, 2439, 2440, 2441, 2541, 2542, 2642, 2742, 2743, 2843, 2844, 2944, 3044, 3045, 3046, 3146, 3246, 3346, 3446, 3447, 3547, 3548, 3549, 3550, 3551, 3651, 3652, 3752, 3753, 3754, 3755, 3756, 3757, 3758, 3759, 3859, 3860, 3960, 4060, 4061, 4161, 4162, 4163, 4164, 4165, 4265, 4365, 4465, 4466, 4467, 4468, 4469, 4569, 4570, 4670, 4770, 4870, 4970, 4971, 5071, 5171, 5271, 5272, 5372, 5472, 5473, 5573, 5673, 5773, 5873, 5874, 5974, 5975, 5976, 5977, 6077, 6078, 6178, 6179, 6180, 6181, 6281, 6381, 6382, 6482, 6582, 6583, 6584, 6585, 6685, 6686, 6786, 6886, 6986, 7086, 7186, 7187, 7287, 7387, 7487, 7587, 7588, 7688, 7689, 7789, 7889, 7989, 8089, 8189, 8289, 8290, 8390, 8490, 8590, 8690, 8691, 8692, 8693, 8694, 8695, 8795, 8895, 8896, 8996, 8997, 8998, 9098, 9198, 9298, 9398, 9498, 9598, 9599, 9699, 9700, 9800, 9900, 10000]
  - number of used nodes: 201
  - cost: 6193
Colours
  - colours: {3585, 3, 2052, 2567, 1547, 5654, 5147, 1571, 4644, 1062, 4647, 4140, 3629, 5678, 1581, 2604, 2607, 5174, 4151, 3642, 2106, 4158, 3648, 5696, 3139, 69, 5195, 5198, 3666, 5715, 1619, 2645, 3158, 5207, 597, 3672, 3673, 604, 4704, 5729, 2144, 2149, 3174, 4199, 3688, 1640, 1643, 2668, 3694, 4209, 2164, 4724, 2166, 1652, 3188, 2171, 1661, 2688, 5254, 135, 649, 1674, 3218, 1171, 146, 2196, 4756, 663, 1175, 4249, 1176, 4255, 1189, 2216, 2729, 5290, 5803, 1712, 178, 4793, 4798, 194, 4806, 5320, 4810, 4306, 212, 5850, 5851, 1763, 228, 5348, 238, 2286, 241, 755, 1780, 2805, 4858, 5886, 1792, 2819, 2820, 3855, 783, 1812, 1818, 5403, 5916, 1821, 4381, 2849, 1315, 804, 3877, 5414, 3880, 4904, 1835, 1836, 1325, 2348, 5423, 3887, 5938, 2867, 1334, 1343, 2883, 1349, 2375, 3911, 841, 4936, 1869, 4944, 5460, 4436, 4444, 2908, 1886, 4448, 1379, 4963, 4969, 1907, 886, 5496, 3450, 3963, 1917, 2943, 4994, 2438, 2442, 5515, 404, 922, 410, 1436, 2461, 5537, 1441, 5029, 5033, 5546, 5550, 1969, 2484, 3509, 4023, 440, 1977, 1464, 3004, 3005, 960, 3011, 1478, 5579, 977, 5586, 2001, 980, 4569, 987, 480, 3553, 484, 2532, 487, 3048, 1512, 1521, 2034, 508, 2559}
  - number of used colours: 197
Time Colour Constrained Dijkstra Algorithm: 0.04
Total time: 0.04
Gap: 0
Removed nodes percentage: -1
Removed arcs percentage: -1