Path
  - source node: 1
  - destination node: 10000
  - path: [1, 101, 102, 103, 104, 105, 205, 206, 207, 208, 209, 210, 211, 212, 213, 214, 314, 315, 415, 515, 615, 715, 716, 816, 817, 917, 918, 1018, 1118, 1119, 1120, 1121, 1122, 1222, 1322, 1422, 1522, 1523, 1524, 1525, 1625, 1725, 1825, 1925, 2025, 2026, 2126, 2226, 2227, 2228, 2229, 2329, 2429, 2430, 2431, 2531, 2631, 2632, 2633, 2733, 2833, 2933, 3033, 3133, 3134, 3135, 3235, 3335, 3435, 3535, 3635, 3735, 3736, 3836, 3936, 4036, 4136, 4236, 4336, 4337, 4338, 4438, 4538, 4638, 4639, 4640, 4740, 4840, 4940, 5040, 5041, 5141, 5241, 5341, 5441, 5541, 5641, 5741, 5742, 5842, 5942, 6042, 6142, 6143, 6243, 6244, 6344, 6345, 6445, 6446, 6546, 6646, 6647, 6747, 6748, 6848, 6948, 6949, 6950, 6951, 6952, 6953, 6954, 6955, 6956, 6957, 7057, 7058, 7059, 7060, 7160, 7161, 7261, 7262, 7362, 7462, 7562, 7563, 7663, 7664, 7665, 7765, 7766, 7767, 7867, 7868, 7869, 7870, 7871, 7872, 7972, 8072, 8073, 8173, 8174, 8175, 8176, 8276, 8277, 8278, 8378, 8379, 8380, 8480, 8481, 8581, 8582, 8682, 8782, 8783, 8784, 8884, 8885, 8886, 8986, 8987, 9087, 9088, 9188, 9189, 9190, 9191, 9291, 9292, 9293, 9393, 9493, 9593, 9594, 9694, 9794, 9795, 9796, 9797, 9897, 9997, 9998, 9999, 10000]
  - number of used nodes: 199
  - cost: 6433
Colours
  - colours: {5123, 5638, 5131, 2061, 3598, 3088, 4627, 1022, 5655, 4642, 548, 1534, 2602, 4138, 1070, 558, 1590, 1591, 5690, 4157, 1608, 3144, 5194, 5203, 5715, 1112, 602, 3165, 5217, 2658, 2145, 4710, 2668, 5746, 2675, 4213, 2679, 631, 5756, 1665, 1155, 1669, 133, 3720, 2191, 3728, 4241, 3227, 3234, 4260, 5286, 1191, 2220, 686, 4783, 5297, 4786, 5810, 4277, 697, 4794, 2233, 2236, 3771, 2238, 1725, 1218, 1731, 3275, 208, 3287, 216, 4314, 731, 2782, 4831, 3808, 1250, 5861, 2790, 3815, 4328, 5355, 5867, 238, 239, 1775, 1781, 3835, 3838, 2821, 3337, 1809, 3858, 4897, 1316, 5926, 3368, 5930, 4396, 5935, 5426, 3379, 2868, 2870, 822, 3899, 3388, 1857, 835, 5445, 3402, 4433, 2387, 1366, 4438, 2909, 2398, 2399, 4959, 3426, 871, 4968, 2409, 1386, 3437, 4978, 887, 5495, 377, 891, 892, 4990, 4484, 4996, 2449, 915, 2966, 2967, 1432, 922, 2468, 4524, 1968, 1458, 947, 4020, 2484, 2997, 5047, 4535, 3512, 1972, 3003, 3515, 4539, 4021, 1985, 3525, 4550, 453, 3528, 4554, 4555, 3022, 463, 467, 2520, 2522, 2523, 2012, 991, 992, 4065, 4577, 5091, 2019, 5604, 3041, 5102, 4079, 5104, 2033, 1522, 5618, 5108, 4078, 3062, 3569, 1525, 5630, 2559}
  - number of used colours: 192
Time Colour Constrained Dijkstra Algorithm: 0.04
Time Reduction Algorithm: 0
Time Formulation: 0
Total time: 0.04
Gap: 0
Removed nodes percentage: -1
Removed arcs percentage: -1
More Removed arcs percentage: -1
=================================================================================
Time complete formulation: 15.66
Path
  - source node: 1
  - destination node: 10000
  - path: [1, 101, 102, 103, 104, 105, 205, 206, 207, 208, 209, 210, 211, 212, 213, 214, 314, 315, 415, 515, 615, 715, 716, 816, 817, 917, 918, 1018, 1118, 1119, 1120, 1121, 1122, 1222, 1322, 1422, 1522, 1523, 1524, 1525, 1625, 1725, 1825, 1925, 2025, 2026, 2126, 2226, 2227, 2228, 2229, 2329, 2429, 2430, 2431, 2531, 2631, 2632, 2633, 2733, 2833, 2933, 3033, 3133, 3134, 3135, 3235, 3335, 3435, 3535, 3635, 3735, 3736, 3836, 3936, 4036, 4136, 4236, 4336, 4337, 4338, 4438, 4538, 4638, 4639, 4640, 4740, 4840, 4940, 5040, 5041, 5141, 5241, 5341, 5441, 5541, 5641, 5741, 5742, 5842, 5942, 6042, 6142, 6143, 6243, 6244, 6344, 6345, 6445, 6446, 6546, 6646, 6647, 6747, 6748, 6848, 6948, 6949, 6950, 6951, 6952, 6953, 6954, 6955, 6956, 6957, 7057, 7058, 7059, 7060, 7160, 7161, 7261, 7262, 7362, 7462, 7562, 7563, 7663, 7664, 7665, 7765, 7766, 7767, 7867, 7868, 7869, 7870, 7871, 7872, 7972, 8072, 8073, 8173, 8174, 8175, 8176, 8276, 8277, 8278, 8378, 8379, 8380, 8480, 8481, 8581, 8582, 8682, 8782, 8783, 8784, 8884, 8885, 8886, 8986, 8987, 9087, 9088, 9188, 9189, 9190, 9191, 9291, 9292, 9293, 9393, 9493, 9593, 9594, 9694, 9794, 9795, 9796, 9797, 9897, 9997, 9998, 9999, 10000]
  - number of used nodes: 199
  - cost: 6433
Colours
  - colours: [133, 208, 216, 238, 239, 377, 453, 463, 467, 548, 558, 602, 631, 686, 697, 731, 822, 835, 871, 887, 891, 892, 915, 922, 947, 991, 992, 1022, 1070, 1112, 1155, 1191, 1218, 1250, 1316, 1366, 1386, 1432, 1458, 1522, 1525, 1534, 1590, 1591, 1608, 1665, 1669, 1725, 1731, 1775, 1781, 1809, 1857, 1968, 1972, 1985, 2012, 2019, 2033, 2061, 2145, 2191, 2220, 2233, 2236, 2238, 2387, 2398, 2399, 2409, 2449, 2468, 2484, 2520, 2522, 2523, 2559, 2602, 2658, 2668, 2675, 2679, 2782, 2790, 2821, 2868, 2870, 2909, 2966, 2967, 2997, 3003, 3022, 3041, 3062, 3088, 3144, 3165, 3227, 3234, 3275, 3287, 3337, 3368, 3379, 3388, 3402, 3426, 3437, 3512, 3515, 3525, 3528, 3569, 3598, 3720, 3728, 3771, 3808, 3815, 3835, 3838, 3858, 3899, 4020, 4021, 4065, 4078, 4079, 4138, 4157, 4213, 4241, 4260, 4277, 4314, 4328, 4396, 4433, 4438, 4484, 4524, 4535, 4539, 4550, 4554, 4555, 4577, 4627, 4642, 4710, 4783, 4786, 4794, 4831, 4897, 4959, 4968, 4978, 4990, 4996, 5047, 5091, 5102, 5104, 5108, 5123, 5131, 5194, 5203, 5217, 5286, 5297, 5355, 5426, 5445, 5495, 5604, 5618, 5630, 5638, 5655, 5690, 5715, 5746, 5756, 5810, 5861, 5867, 5926, 5930, 5935]
  - number of used colours: 192


RILP Time NO EXTRA REDUCTION: 0.04
