Path
  - source node: 1
  - destination node: 10000
  - path: [1, 2, 3, 103, 104, 204, 205, 206, 207, 208, 209, 210, 211, 212, 213, 214, 215, 315, 316, 317, 318, 319, 320, 321, 322, 422, 423, 523, 623, 723, 724, 725, 726, 826, 827, 927, 928, 1028, 1128, 1129, 1229, 1230, 1330, 1430, 1530, 1531, 1532, 1632, 1633, 1634, 1635, 1636, 1736, 1737, 1738, 1838, 1938, 1939, 2039, 2139, 2239, 2339, 2340, 2440, 2540, 2541, 2641, 2741, 2742, 2743, 2843, 2943, 2944, 3044, 3045, 3145, 3245, 3246, 3346, 3347, 3447, 3547, 3548, 3549, 3550, 3650, 3651, 3751, 3851, 3852, 3853, 3953, 3954, 4054, 4055, 4155, 4156, 4256, 4356, 4357, 4358, 4458, 4459, 4460, 4560, 4660, 4760, 4761, 4762, 4763, 4863, 4864, 4865, 4965, 5065, 5066, 5166, 5167, 5168, 5268, 5269, 5270, 5271, 5272, 5372, 5472, 5473, 5573, 5574, 5674, 5675, 5775, 5875, 5975, 6075, 6076, 6176, 6276, 6376, 6476, 6475, 6575, 6675, 6775, 6776, 6876, 6976, 7076, 7176, 7276, 7376, 7476, 7477, 7577, 7578, 7678, 7679, 7779, 7879, 7979, 8079, 8179, 8180, 8280, 8281, 8282, 8283, 8284, 8384, 8385, 8386, 8486, 8586, 8686, 8786, 8787, 8788, 8888, 8988, 9088, 9188, 9288, 9388, 9389, 9489, 9490, 9491, 9591, 9592, 9593, 9594, 9694, 9794, 9795, 9796, 9797, 9798, 9799, 9800, 9900, 10000]
  - number of used nodes: 201
  - cost: 6468
Colours
  - colours: [1, 23, 25, 55, 67, 108, 123, 136, 199, 211, 231, 258, 290, 293, 304, 352, 468, 501, 575, 628, 652, 662, 697, 706, 712, 757, 787, 798, 802, 818, 819, 834, 935, 940, 962, 971, 984, 985, 1041, 1051, 1072, 1091, 1115, 1128, 1155, 1182, 1200, 1223, 1238, 1239, 1267, 1269, 1322, 1387, 1469, 1519, 1571, 1577, 1579, 1635, 1646, 1656, 1693, 1708, 1764, 1788, 1817, 1827, 1845, 1855, 1859, 1909, 2006, 2063, 2103, 2147, 2161, 2189, 2193, 2204, 2234, 2313, 2314, 2359, 2384, 2423, 2495, 2514, 2626, 2631, 2758, 2790, 2820, 2832, 2856, 2868, 2940, 2970, 3019, 3073, 3094, 3110, 3135, 3167, 3212, 3223, 3246, 3260, 3279, 3288, 3293, 3335, 3420, 3469, 3528, 3529, 3534, 3583, 3594, 3635, 3655, 3699, 3705, 3708, 3709, 3754, 3778, 3780, 3820, 3823, 3838, 3878, 3900, 3901, 4080, 4105, 4135, 4155, 4162, 4198, 4211, 4273, 4287, 4290, 4292, 4298, 4300, 4330, 4334, 4347, 4418, 4450, 4455, 4456, 4536, 4538, 4569, 4579, 4590, 4639, 4644, 4677, 4694, 4753, 4760, 4783, 4822, 4837, 4870, 4916, 4938, 4951, 5020, 5023, 5069, 5101, 5148, 5188, 5202, 5219, 5228, 5356, 5381, 5382, 5394, 5504, 5521, 5630, 5646, 5650, 5677, 5697, 5709, 5723, 5810]
  - number of used colours: 195
Time Colour Constrained Dijkstra Algorithm: 0.18
Time Reduction Algorithm: 0.06
Time Formulation: 0.3
Total time: 0.54
Gap: 0.5565862708719852
Removed nodes percentage: 90.34
Removed arcs percentage: 92.4949494949495
More Removed arcs percentage: 11.978465679676987