Path
  - source node: 1
  - destination node: 10000
  - path: [1, 101, 201, 202, 203, 303, 304, 305, 405, 505, 605, 606, 706, 806, 906, 907, 1007, 1008, 1009, 1109, 1209, 1210, 1211, 1212, 1312, 1313, 1413, 1414, 1514, 1614, 1615, 1715, 1815, 1816, 1817, 1917, 1918, 2018, 2118, 2218, 2219, 2220, 2221, 2222, 2322, 2323, 2423, 2523, 2524, 2525, 2526, 2626, 2627, 2727, 2827, 2927, 2928, 2929, 2930, 2931, 3031, 3131, 3132, 3232, 3233, 3333, 3433, 3533, 3633, 3733, 3833, 3933, 3934, 4034, 4035, 4135, 4235, 4236, 4237, 4238, 4239, 4339, 4439, 4440, 4540, 4640, 4641, 4741, 4742, 4743, 4744, 4745, 4746, 4846, 4946, 4947, 4948, 4949, 4950, 4951, 4952, 4953, 5053, 5153, 5253, 5353, 5354, 5355, 5356, 5357, 5457, 5458, 5558, 5559, 5659, 5660, 5760, 5860, 5861, 5961, 5962, 5963, 5964, 5965, 5966, 6066, 6166, 6266, 6267, 6268, 6368, 6369, 6370, 6470, 6570, 6670, 6770, 6870, 6970, 7070, 7170, 7171, 7271, 7371, 7471, 7571, 7671, 7771, 7871, 7872, 7873, 7874, 7875, 7876, 7976, 8076, 8077, 8177, 8178, 8179, 8180, 8280, 8281, 8282, 8283, 8383, 8483, 8583, 8584, 8585, 8586, 8686, 8786, 8787, 8788, 8789, 8790, 8791, 8891, 8892, 8893, 8894, 8895, 8995, 8996, 8997, 9097, 9197, 9198, 9199, 9299, 9399, 9499, 9599, 9699, 9799, 9899, 9900, 10000]
  - number of used nodes: 199
  - cost: 6249
Colours
  - colours: [25, 28, 32, 66, 122, 129, 175, 180, 182, 199, 256, 259, 262, 306, 347, 434, 439, 445, 511, 533, 590, 621, 624, 724, 729, 772, 803, 861, 877, 966, 983, 1056, 1069, 1075, 1120, 1123, 1129, 1142, 1153, 1195, 1200, 1215, 1216, 1217, 1234, 1272, 1294, 1339, 1340, 1368, 1380, 1420, 1470, 1488, 1595, 1654, 1697, 1733, 1734, 1750, 1791, 1806, 1841, 1865, 1866, 1902, 1913, 1929, 2113, 2165, 2176, 2182, 2191, 2252, 2293, 2309, 2334, 2338, 2372, 2400, 2420, 2459, 2474, 2515, 2523, 2553, 2565, 2572, 2591, 2659, 2727, 2804, 2830, 2899, 2900, 2936, 2960, 2981, 2989, 3005, 3034, 3075, 3109, 3181, 3302, 3323, 3350, 3356, 3390, 3420, 3421, 3451, 3481, 3576, 3665, 3732, 3774, 3777, 3794, 3802, 3828, 3864, 3865, 3920, 3923, 3942, 4069, 4080, 4082, 4122, 4159, 4163, 4172, 4213, 4236, 4258, 4394, 4398, 4419, 4434, 4440, 4442, 4499, 4524, 4534, 4614, 4641, 4690, 4726, 4735, 4738, 4744, 4761, 4787, 4801, 4859, 4886, 4907, 4953, 4963, 4975, 4987, 5047, 5074, 5075, 5100, 5115, 5131, 5148, 5173, 5270, 5279, 5314, 5407, 5427, 5428, 5465, 5475, 5485, 5492, 5536, 5550, 5598, 5654, 5655, 5673, 5714, 5730, 5848, 5877, 5911]
  - number of used colours: 191
Time Colour Constrained Dijkstra Algorithm: 0.58
Time Reduction Algorithm: 0.07
Time Formulation: 8.7
Total time: 9.35
Gap: 5.552888462153945
Removed nodes percentage: 54.35
Removed arcs percentage: 55.49999999999999
More Removed arcs percentage: 1.0554988083077976