Path
  - source node: 1
  - destination node: 10000
  - path: [1, 2, 102, 202, 302, 303, 304, 305, 306, 307, 308, 408, 409, 509, 609, 610, 611, 612, 613, 713, 813, 913, 914, 1014, 1015, 1016, 1116, 1216, 1316, 1416, 1516, 1517, 1518, 1519, 1619, 1719, 1720, 1721, 1722, 1723, 1823, 1923, 1924, 1925, 2025, 2125, 2225, 2325, 2425, 2426, 2427, 2428, 2429, 2430, 2431, 2531, 2532, 2533, 2633, 2733, 2734, 2834, 2934, 3034, 3134, 3135, 3235, 3335, 3435, 3535, 3635, 3636, 3736, 3737, 3738, 3739, 3839, 3840, 3940, 4040, 4140, 4240, 4340, 4341, 4441, 4541, 4542, 4642, 4643, 4743, 4843, 4943, 4944, 5044, 5045, 5145, 5245, 5345, 5445, 5446, 5447, 5547, 5548, 5648, 5649, 5749, 5849, 5949, 5948, 6048, 6148, 6149, 6249, 6250, 6251, 6351, 6352, 6452, 6552, 6553, 6554, 6555, 6655, 6755, 6756, 6757, 6758, 6759, 6760, 6860, 6861, 6862, 6863, 6864, 6865, 6866, 6966, 7066, 7067, 7068, 7069, 7169, 7170, 7270, 7370, 7470, 7570, 7571, 7572, 7573, 7673, 7674, 7675, 7676, 7677, 7777, 7778, 7779, 7879, 7880, 7881, 7882, 7883, 7884, 7885, 7886, 7887, 7888, 7988, 7989, 8089, 8189, 8289, 8290, 8390, 8490, 8590, 8690, 8691, 8791, 8792, 8793, 8893, 8993, 8994, 8995, 9095, 9096, 9097, 9197, 9198, 9298, 9398, 9399, 9499, 9599, 9600, 9700, 9800, 9900, 10000]
  - number of used nodes: 201
  - cost: 6336
Colours
  - colours: {1536, 5633, 2561, 3587, 3076, 2053, 2567, 5639, 21, 2585, 4640, 1058, 2084, 552, 4652, 44, 558, 2609, 1587, 2104, 568, 1600, 65, 1092, 4165, 5703, 72, 1608, 4170, 2122, 3660, 4171, 4684, 4175, 3155, 4692, 1621, 5206, 2136, 1624, 2650, 2648, 4696, 93, 2653, 3679, 4192, 99, 5228, 3180, 2670, 115, 628, 5246, 2687, 4226, 1668, 3208, 4744, 1168, 5779, 4756, 3223, 4248, 5785, 4251, 1693, 3229, 2718, 5793, 4258, 5286, 1200, 1714, 1202, 3764, 2236, 703, 4799, 1730, 1732, 3270, 1736, 1227, 5326, 5839, 210, 212, 3800, 5336, 218, 2269, 4317, 2783, 3298, 3300, 3302, 1767, 4840, 233, 1776, 1779, 761, 4859, 1789, 253, 4867, 1284, 2307, 775, 5895, 5897, 2828, 3860, 3861, 5398, 791, 2839, 2844, 5920, 1316, 4906, 813, 2863, 1328, 1335, 4408, 3383, 2362, 320, 3904, 4419, 3400, 1866, 3408, 3414, 857, 1882, 3417, 2396, 1885, 4456, 5488, 2418, 5490, 1396, 3959, 1399, 3450, 1918, 896, 386, 3972, 389, 2952, 395, 908, 5006, 4495, 5520, 3985, 914, 2964, 3992, 5024, 5029, 2470, 935, 427, 2476, 5551, 2994, 3509, 4023, 4536, 960, 4033, 5568, 4040, 2507, 1486, 4563, 2007, 472, 4061, 3038, 5089, 3043, 1508, 485, 5093, 5099, 3572, 3573, 2040, 1019, 2046}
  - number of used colours: 197
Time Colour Constrained Dijkstra Algorithm: 0.04
Time Reduction Algorithm: 0
Time Formulation: 0
Total time: 0.04
Gap: 0
Removed nodes percentage: -1
Removed arcs percentage: -1
More Removed arcs percentage: -1
=================================================================================
Time complete formulation: 15.0
Path
  - source node: 1
  - destination node: 10000
  - path: [1, 2, 102, 202, 302, 303, 304, 305, 306, 307, 308, 408, 409, 509, 609, 610, 611, 612, 613, 713, 813, 913, 914, 1014, 1015, 1016, 1116, 1216, 1316, 1416, 1516, 1517, 1518, 1519, 1619, 1719, 1720, 1721, 1722, 1723, 1823, 1923, 1924, 1925, 2025, 2125, 2225, 2325, 2425, 2426, 2427, 2428, 2429, 2430, 2431, 2531, 2532, 2533, 2633, 2733, 2734, 2834, 2934, 3034, 3134, 3135, 3235, 3335, 3435, 3535, 3635, 3636, 3736, 3737, 3738, 3739, 3839, 3840, 3940, 4040, 4140, 4240, 4340, 4341, 4441, 4541, 4542, 4642, 4643, 4743, 4843, 4943, 4944, 5044, 5045, 5145, 5245, 5345, 5445, 5446, 5447, 5547, 5548, 5648, 5649, 5749, 5849, 5949, 5948, 6048, 6148, 6149, 6249, 6250, 6251, 6351, 6352, 6452, 6552, 6553, 6554, 6555, 6655, 6755, 6756, 6757, 6758, 6759, 6760, 6860, 6861, 6862, 6863, 6864, 6865, 6866, 6966, 7066, 7067, 7068, 7069, 7169, 7170, 7270, 7370, 7470, 7570, 7571, 7572, 7573, 7673, 7674, 7675, 7676, 7677, 7777, 7778, 7779, 7879, 7880, 7881, 7882, 7883, 7884, 7885, 7886, 7887, 7888, 7988, 7989, 8089, 8189, 8289, 8290, 8390, 8490, 8590, 8690, 8691, 8791, 8792, 8793, 8893, 8993, 8994, 8995, 9095, 9096, 9097, 9197, 9198, 9298, 9398, 9399, 9499, 9599, 9600, 9700, 9800, 9900, 10000]
  - number of used nodes: 201
  - cost: 6336
Colours
  - colours: [21, 44, 65, 72, 93, 99, 115, 210, 212, 218, 233, 253, 320, 386, 389, 395, 427, 472, 485, 552, 558, 568, 628, 703, 761, 775, 791, 813, 857, 896, 908, 914, 935, 960, 1019, 1058, 1092, 1168, 1200, 1202, 1227, 1284, 1316, 1328, 1335, 1396, 1399, 1486, 1508, 1536, 1587, 1600, 1608, 1621, 1624, 1668, 1693, 1714, 1730, 1732, 1736, 1767, 1776, 1779, 1789, 1866, 1882, 1885, 1918, 2007, 2040, 2046, 2053, 2084, 2104, 2122, 2136, 2236, 2269, 2307, 2362, 2396, 2418, 2470, 2476, 2507, 2561, 2567, 2585, 2609, 2648, 2650, 2653, 2670, 2687, 2718, 2783, 2828, 2839, 2844, 2863, 2952, 2964, 2994, 3038, 3043, 3076, 3155, 3180, 3208, 3223, 3229, 3270, 3298, 3300, 3302, 3383, 3400, 3408, 3414, 3417, 3450, 3509, 3572, 3573, 3587, 3660, 3679, 3764, 3800, 3860, 3861, 3904, 3959, 3972, 3985, 3992, 4023, 4033, 4040, 4061, 4165, 4170, 4171, 4175, 4192, 4226, 4248, 4251, 4258, 4317, 4408, 4419, 4456, 4495, 4536, 4563, 4640, 4652, 4684, 4692, 4696, 4744, 4756, 4799, 4840, 4859, 4867, 4906, 5006, 5024, 5029, 5089, 5093, 5099, 5206, 5228, 5246, 5286, 5326, 5336, 5398, 5488, 5490, 5520, 5551, 5568, 5633, 5639, 5703, 5779, 5785, 5793, 5839, 5895, 5897, 5920]
  - number of used colours: 197