Path
  - source node: 1
  - destination node: 10000
  - path: [1, 2, 3, 103, 203, 303, 403, 404, 504, 604, 704, 804, 904, 905, 906, 1006, 1007, 1107, 1207, 1208, 1308, 1408, 1508, 1509, 1510, 1511, 1611, 1612, 1712, 1812, 1912, 2012, 2112, 2113, 2114, 2214, 2215, 2315, 2415, 2416, 2516, 2517, 2518, 2618, 2619, 2620, 2621, 2721, 2821, 2921, 2920, 3020, 3120, 3121, 3122, 3222, 3322, 3323, 3423, 3424, 3425, 3426, 3427, 3428, 3429, 3529, 3530, 3531, 3532, 3632, 3633, 3733, 3833, 3933, 3934, 4034, 4134, 4234, 4235, 4236, 4336, 4337, 4338, 4339, 4340, 4341, 4342, 4343, 4344, 4345, 4346, 4347, 4447, 4448, 4449, 4549, 4550, 4650, 4651, 4652, 4752, 4852, 4952, 5052, 5152, 5153, 5253, 5254, 5255, 5256, 5257, 5258, 5259, 5260, 5360, 5460, 5461, 5561, 5661, 5761, 5861, 5862, 5863, 5763, 5764, 5765, 5766, 5866, 5966, 5967, 6067, 6068, 6069, 6169, 6269, 6270, 6370, 6470, 6471, 6571, 6572, 6672, 6673, 6674, 6675, 6676, 6776, 6777, 6877, 6878, 6978, 6979, 6980, 7080, 7180, 7181, 7281, 7282, 7382, 7482, 7582, 7682, 7782, 7783, 7883, 7983, 7984, 7985, 8085, 8185, 8285, 8286, 8386, 8387, 8487, 8587, 8588, 8589, 8689, 8789, 8790, 8890, 8891, 8991, 8992, 8993, 8994, 8995, 9095, 9195, 9196, 9296, 9297, 9397, 9497, 9597, 9598, 9698, 9798, 9799, 9899, 9900, 10000]
  - number of used nodes: 203
  - cost: 6200
Colours
  - colours: {5633, 5123, 5124, 4, 7, 4108, 2573, 4622, 4627, 4117, 534, 535, 4118, 4630, 4635, 5661, 5662, 4127, 4637, 5667, 4132, 2086, 4648, 5675, 4139, 4145, 1588, 4152, 3130, 3645, 1603, 1099, 1611, 2125, 2127, 3158, 3171, 4196, 5731, 5738, 626, 3700, 2677, 3191, 636, 642, 5763, 132, 4230, 1675, 1165, 656, 147, 4757, 4758, 150, 156, 4766, 674, 3748, 3241, 1196, 1709, 1713, 3252, 3765, 694, 4792, 5819, 699, 5313, 5825, 195, 3789, 1744, 209, 3794, 3798, 221, 2270, 5855, 5857, 739, 5352, 5865, 4843, 750, 240, 4345, 4858, 764, 5890, 5379, 4871, 3339, 780, 269, 2320, 4370, 793, 5402, 4895, 1311, 807, 5416, 1321, 4907, 1835, 1841, 819, 4405, 2869, 1338, 1850, 4410, 1853, 1340, 831, 2372, 4431, 4432, 851, 4947, 3923, 859, 2908, 4447, 353, 1894, 4456, 874, 1389, 5487, 2415, 1908, 5493, 2424, 3961, 3453, 3462, 903, 2952, 5512, 3978, 3979, 2960, 2451, 1940, 3481, 925, 5023, 4512, 2977, 1439, 420, 5030, 2983, 2988, 1454, 1455, 434, 2995, 1977, 954, 1467, 3516, 4029, 5054, 4544, 3520, 1987, 1992, 4046, 3025, 1490, 4570, 475, 5084, 5088, 3044, 997, 3557, 5608, 4074, 491, 3052, 1516, 1517, 1518, 2032, 3570, 1525, 5623, 5112, 509, 2046}
  - number of used colours: 196
Time Colour Constrained Dijkstra Algorithm: 0.04
Time Reduction Algorithm: 0
Time Formulation: 0
Total time: 0.04
Gap: 0
Removed nodes percentage: -1
Removed arcs percentage: -1
More Removed arcs percentage: -1