Path
  - source node: 1
  - destination node: 10000
  - path: [1, 2, 3, 103, 104, 105, 106, 206, 207, 208, 308, 408, 508, 608, 609, 610, 611, 711, 811, 911, 1011, 1111, 1112, 1113, 1114, 1115, 1116, 1216, 1217, 1317, 1417, 1517, 1518, 1618, 1718, 1719, 1720, 1820, 1920, 1921, 2021, 2022, 2023, 2024, 2025, 2026, 2027, 2028, 2128, 2228, 2229, 2230, 2231, 2331, 2431, 2432, 2433, 2434, 2435, 2535, 2635, 2735, 2736, 2836, 2837, 2937, 3037, 3137, 3138, 3238, 3338, 3339, 3340, 3341, 3342, 3442, 3542, 3543, 3544, 3545, 3546, 3547, 3647, 3747, 3748, 3848, 3948, 4048, 4049, 4050, 4051, 4151, 4152, 4252, 4352, 4452, 4552, 4652, 4653, 4753, 4853, 4953, 4954, 5054, 5055, 5056, 5156, 5157, 5257, 5258, 5259, 5260, 5261, 5262, 5263, 5363, 5463, 5464, 5465, 5565, 5665, 5666, 5766, 5767, 5867, 5868, 5869, 5870, 5871, 5872, 5873, 5874, 5875, 5975, 5976, 5977, 6077, 6177, 6178, 6179, 6279, 6280, 6380, 6381, 6481, 6482, 6582, 6583, 6683, 6684, 6685, 6785, 6885, 6886, 6887, 6987, 7087, 7187, 7287, 7387, 7487, 7587, 7687, 7787, 7887, 7987, 8087, 8088, 8089, 8090, 8190, 8191, 8291, 8292, 8392, 8492, 8592, 8692, 8792, 8892, 8992, 9092, 9192, 9193, 9293, 9393, 9394, 9494, 9594, 9694, 9794, 9894, 9895, 9896, 9897, 9898, 9998, 9999, 10000]
  - number of used nodes: 199
  - cost: 6241
Colours
  - colours: [2050, 4610, 6, 4103, 2059, 1036, 5644, 4113, 19, 4117, 3093, 3611, 5150, 5158, 3625, 1069, 52, 4148, 3636, 2615, 2106, 5187, 3142, 2118, 3660, 4685, 4686, 3151, 2124, 2641, 3661, 1621, 5214, 93, 5733, 4713, 2666, 107, 5231, 4213, 3189, 631, 5241, 4218, 1147, 2173, 2689, 5254, 2185, 2189, 1686, 1174, 3225, 1691, 3229, 5793, 5797, 4262, 2215, 4267, 684, 1710, 3760, 4273, 5298, 2736, 1721, 1722, 4283, 2747, 1213, 5309, 3264, 711, 3279, 208, 3795, 2260, 1236, 5335, 2780, 1757, 4318, 4831, 3808, 1248, 3807, 4324, 2278, 4327, 2280, 234, 3819, 5869, 751, 4850, 4346, 2300, 2301, 767, 1286, 3848, 1289, 1290, 778, 1800, 4369, 3348, 1813, 2327, 792, 3865, 5400, 4889, 2333, 2850, 5411, 5924, 2855, 4392, 3369, 4393, 1841, 1842, 308, 4916, 1845, 1336, 3391, 4934, 1863, 1867, 3409, 5460, 4437, 348, 351, 4447, 2401, 1378, 2912, 5479, 2919, 2927, 4976, 4978, 2931, 1396, 2421, 3954, 2423, 5496, 889, 2422, 5503, 384, 4991, 2947, 4996, 389, 2442, 5515, 1423, 1936, 5521, 3985, 4498, 5019, 1438, 1444, 4517, 5035, 4022, 3515, 1469, 5569, 3010, 4549, 1993, 4560, 3027, 2515, 472, 4056, 3034, 1498, 3037, 1506, 5609, 2026, 5098, 4080, 4601, 2554, 2044, 1535]
  - number of used colours: 196
Time Colour Constrained Dijkstra Algorithm: 0.16
Time Reduction Algorithm: 0.05
Time Formulation: 0.01
Total time: 0.23
Gap: 0.0801153661272232
Removed nodes percentage: 97.94
Removed arcs percentage: 98.92929292929293
More Removed arcs percentage: 0.9433962264150941
=================================================================================
Time complete formulation: 18.26
Path
  - source node: 1
  - destination node: 10000
  - path: [1, 2, 3, 103, 104, 105, 106, 206, 207, 208, 308, 408, 508, 608, 609, 610, 611, 711, 811, 911, 1011, 1111, 1112, 1113, 1114, 1115, 1116, 1216, 1217, 1317, 1417, 1517, 1518, 1618, 1718, 1719, 1720, 1820, 1920, 1921, 2021, 2022, 2023, 2024, 2025, 2026, 2027, 2028, 2128, 2228, 2229, 2230, 2231, 2331, 2431, 2432, 2433, 2434, 2435, 2535, 2635, 2735, 2736, 2836, 2837, 2937, 3037, 3137, 3138, 3238, 3338, 3339, 3340, 3341, 3342, 3442, 3542, 3543, 3544, 3545, 3546, 3547, 3647, 3747, 3748, 3848, 3948, 4048, 4049, 4050, 4051, 4151, 4152, 4252, 4352, 4452, 4552, 4652, 4653, 4753, 4853, 4953, 4954, 5054, 5055, 5056, 5156, 5157, 5257, 5258, 5259, 5260, 5261, 5262, 5263, 5363, 5463, 5464, 5465, 5565, 5665, 5666, 5766, 5767, 5867, 5868, 5869, 5870, 5871, 5872, 5873, 5874, 5875, 5975, 5976, 5977, 6077, 6177, 6178, 6179, 6279, 6280, 6380, 6381, 6481, 6482, 6582, 6583, 6683, 6684, 6685, 6785, 6885, 6886, 6887, 6987, 7087, 7187, 7287, 7387, 7487, 7587, 7687, 7787, 7887, 7987, 8087, 8088, 8089, 8090, 8190, 8191, 8291, 8292, 8392, 8492, 8592, 8692, 8792, 8892, 8992, 9092, 9192, 9193, 9293, 9393, 9394, 9494, 9594, 9694, 9794, 9894, 9895, 9896, 9897, 9898, 9998, 9999, 10000]
  - number of used nodes: 199
  - cost: 6241
Colours
  - colours: [6, 19, 52, 93, 107, 208, 234, 308, 348, 351, 384, 389, 472, 631, 684, 711, 751, 767, 778, 792, 889, 1036, 1069, 1147, 1174, 1213, 1236, 1248, 1286, 1289, 1290, 1336, 1378, 1396, 1423, 1438, 1444, 1469, 1498, 1506, 1535, 1621, 1686, 1691, 1710, 1721, 1722, 1757, 1800, 1813, 1841, 1842, 1845, 1863, 1867, 1936, 1993, 2026, 2044, 2050, 2059, 2106, 2118, 2124, 2173, 2185, 2189, 2215, 2260, 2278, 2280, 2300, 2301, 2327, 2333, 2401, 2421, 2422, 2423, 2442, 2515, 2554, 2615, 2641, 2666, 2689, 2736, 2747, 2780, 2850, 2855, 2912, 2919, 2927, 2931, 2947, 3010, 3027, 3034, 3037, 3093, 3142, 3151, 3189, 3225, 3229, 3264, 3279, 3348, 3369, 3391, 3409, 3515, 3611, 3625, 3636, 3660, 3661, 3760, 3795, 3807, 3808, 3819, 3848, 3865, 3954, 3985, 4022, 4056, 4080, 4103, 4113, 4117, 4148, 4213, 4218, 4262, 4267, 4273, 4283, 4318, 4324, 4327, 4346, 4369, 4392, 4393, 4437, 4447, 4498, 4517, 4549, 4560, 4601, 4610, 4685, 4686, 4713, 4831, 4850, 4889, 4916, 4934, 4976, 4978, 4991, 4996, 5019, 5035, 5098, 5150, 5158, 5187, 5214, 5231, 5241, 5254, 5298, 5309, 5335, 5400, 5411, 5460, 5479, 5496, 5503, 5515, 5521, 5569, 5609, 5644, 5733, 5793, 5797, 5869, 5924]
  - number of used colours: 196


RILP Time NO EXTRA REDUCTION: 0.2
