Path
  - source node: 1
  - destination node: 20000
  - path: [1, 201, 202, 203, 403, 603, 803, 804, 805, 1005, 1205, 1405, 1605, 1805, 1806, 1807, 1808, 1809, 2009, 2209, 2409, 2609, 2809, 3009, 3010, 3011, 3012, 3212, 3412, 3612, 3613, 3614, 3615, 3616, 3816, 4016, 4017, 4217, 4218, 4219, 4220, 4221, 4222, 4223, 4423, 4623, 4624, 4824, 4825, 4826, 4827, 5027, 5028, 5228, 5428, 5429, 5629, 5630, 5631, 5632, 5633, 5634, 5635, 5636, 5637, 5638, 5838, 5839, 5840, 5841, 6041, 6042, 6043, 6044, 6244, 6245, 6246, 6446, 6447, 6448, 6648, 6848, 6849, 7049, 7249, 7449, 7450, 7451, 7452, 7453, 7454, 7455, 7655, 7656, 7657, 7857, 8057, 8257, 8457, 8458, 8459, 8460, 8461, 8462, 8662, 8663, 8863, 8864, 8865, 8866, 9066, 9067, 9068, 9069, 9070, 9270, 9271, 9272, 9472, 9672, 9673, 9873, 9874, 10074, 10274, 10474, 10475, 10476, 10477, 10478, 10479, 10679, 10680, 10681, 10682, 10882, 11082, 11282, 11283, 11483, 11484, 11485, 11486, 11487, 11687, 11688, 11888, 12088, 12089, 12090, 12290, 12291, 12292, 12293, 12294, 12295, 12296, 12297, 12298, 12299, 12300, 12301, 12302, 12303, 12304, 12305, 12505, 12506, 12507, 12508, 12509, 12510, 12511, 12311, 12312, 12313, 12314, 12315, 12316, 12317, 12517, 12518, 12519, 12520, 12521, 12522, 12523, 12524, 12525, 12526, 12726, 12727, 12728, 12729, 12730, 12930, 13130, 13131, 13132, 13332, 13333, 13334, 13335, 13535, 13735, 13736, 13737, 13937, 13938, 13939, 13940, 14140, 14141, 14142, 14143, 14144, 14145, 13945, 13946, 13947, 13948, 13949, 13950, 13951, 13952, 13953, 14153, 14154, 14354, 14355, 14356, 14357, 14358, 14359, 14159, 14160, 14161, 14162, 14163, 14363, 14563, 14763, 14764, 14765, 14766, 14767, 14768, 14769, 14969, 14970, 14971, 15171, 15172, 15372, 15373, 15573, 15773, 15973, 15974, 15975, 16175, 16375, 16376, 16576, 16776, 16976, 16977, 17177, 17178, 17378, 17578, 17579, 17580, 17581, 17381, 17382, 17383, 17384, 17385, 17585, 17586, 17786, 17787, 17788, 17789, 17790, 17791, 17991, 17992, 17993, 18193, 18393, 18593, 18793, 18993, 18994, 19194, 19394, 19395, 19396, 19397, 19597, 19797, 19798, 19799, 19800, 20000]
  - number of used nodes: 307
  - cost: 9605
Colours
  - colours: {3, 7173, 1033, 8201, 13, 5138, 7186, 3097, 6169, 11290, 2076, 1053, 1057, 6179, 7205, 7212, 11311, 10288, 6198, 6202, 58, 5180, 1085, 7230, 64, 5189, 7246, 6225, 10330, 1115, 92, 1117, 10335, 11362, 10339, 10342, 5226, 3180, 9324, 111, 2166, 3190, 5243, 2182, 3207, 6283, 6296, 6303, 9377, 8358, 4262, 4264, 2218, 3245, 1204, 188, 3261, 189, 5311, 1218, 10438, 3273, 7371, 217, 220, 7388, 2273, 5348, 5351, 234, 9461, 3319, 1272, 7426, 259, 9482, 9212, 4370, 7442, 1303, 8472, 4376, 9500, 1308, 3357, 10525, 8477, 11567, 9521, 2355, 6453, 2359, 7479, 4409, 8515, 3401, 9549, 335, 3407, 5459, 11604, 2388, 4437, 345, 5465, 7532, 5487, 9588, 5495, 9602, 11656, 9618, 10652, 11680, 4514, 9634, 1442, 10661, 1446, 10663, 8615, 11687, 9641, 7595, 8623, 8628, 1462, 7610, 3519, 7618, 8649, 6606, 10702, 3536, 7633, 9682, 4560, 1495, 4568, 8670, 6623, 6624, 9698, 11746, 3558, 4585, 1514, 5610, 7662, 10734, 8688, 4594, 10742, 5623, 8696, 2552, 1528, 11768, 9728, 513, 3586, 4611, 3585, 2560, 11786, 9744, 9748, 10780, 10788, 10791, 7727, 9777, 7730, 6711, 568, 3640, 9785, 8763, 4667, 11838, 4671, 8768, 8771, 1608, 7759, 11857, 6737, 11864, 8794, 5723, 11874, 8805, 8810, 9834, 11884, 620, 628, 11897, 2682, 8830, 8831, 7814, 7820, 9883, 1692, 6813, 1697, 7844, 1700, 5799, 8877, 5806, 692, 6837, 3764, 4796, 2750, 4803, 10948, 7883, 5841, 724, 727, 9944, 2782, 10976, 738, 10979, 7914, 3819, 6896, 8945, 2801, 5877, 6907, 11006, 3843, 6921, 2827, 7948, 7949, 1808, 10002, 5910, 2842, 10016, 10021, 6951, 7981, 10030, 2863, 11060, 1848, 9019, 6980, 9028, 9033, 6995, 854, 874, 10091, 11121, 9075, 9080, 7035, 10109, 4990, 11142, 6023, 1930, 7051, 1931, 9106, 7059, 3988, 6041, 3994, 1945, 2970, 8098, 2982, 4010, 6059, 5037, 7091, 4021, 7094, 5049, 6075, 9156, 9157, 5063, 4052, 8150, 986, 2015, 7145, 6124, 3062, 2041, 8188}
  - number of used colours: 301
Time Colour Constrained Dijkstra Algorithm: 0.1
Time Reduction Algorithm: 0
Time Formulation: 0
Total time: 0.1
Gap: 0
Removed nodes percentage: -1
Removed arcs percentage: -1
More Removed arcs percentage: -1
=================================================================================
Time complete formulation: 65.96
Path
  - source node: 1
  - destination node: 20000
  - path: [1, 201, 202, 203, 403, 603, 803, 804, 805, 1005, 1205, 1405, 1605, 1805, 1806, 1807, 1808, 1809, 2009, 2209, 2409, 2609, 2809, 3009, 3010, 3011, 3012, 3212, 3412, 3612, 3613, 3614, 3615, 3616, 3816, 4016, 4017, 4217, 4218, 4219, 4220, 4221, 4222, 4223, 4423, 4623, 4624, 4824, 4825, 4826, 4827, 5027, 5028, 5228, 5428, 5429, 5629, 5630, 5631, 5632, 5633, 5634, 5635, 5636, 5637, 5638, 5838, 5839, 5840, 5841, 6041, 6042, 6043, 6044, 6244, 6245, 6445, 6446, 6447, 6448, 6648, 6848, 6849, 7049, 7249, 7449, 7450, 7451, 7452, 7453, 7454, 7455, 7655, 7656, 7657, 7857, 8057, 8257, 8457, 8458, 8459, 8460, 8461, 8462, 8662, 8663, 8863, 8864, 8865, 8866, 9066, 9067, 9068, 9069, 9070, 9270, 9271, 9272, 9472, 9672, 9673, 9873, 9874, 10074, 10274, 10474, 10475, 10476, 10477, 10478, 10479, 10679, 10680, 10681, 10682, 10882, 11082, 11282, 11283, 11483, 11484, 11485, 11486, 11487, 11687, 11688, 11888, 12088, 12089, 12090, 12290, 12291, 12292, 12293, 12294, 12295, 12296, 12297, 12298, 12299, 12300, 12301, 12302, 12303, 12304, 12305, 12505, 12506, 12507, 12508, 12509, 12510, 12511, 12311, 12312, 12313, 12314, 12315, 12316, 12317, 12517, 12518, 12519, 12520, 12521, 12522, 12523, 12524, 12525, 12526, 12726, 12727, 12728, 12729, 12730, 12930, 13130, 13131, 13132, 13332, 13333, 13334, 13335, 13535, 13735, 13736, 13737, 13937, 13938, 13939, 13940, 14140, 14141, 14142, 14143, 14144, 14145, 13945, 13946, 13947, 13948, 13949, 13950, 13951, 13952, 13953, 14153, 14154, 14354, 14355, 14356, 14357, 14358, 14359, 14159, 14160, 14161, 14162, 14163, 14363, 14563, 14763, 14764, 14765, 14766, 14767, 14768, 14769, 14969, 14970, 14971, 15171, 15172, 15372, 15373, 15573, 15773, 15973, 15974, 15975, 16175, 16375, 16376, 16576, 16776, 16976, 16977, 17177, 17178, 17378, 17578, 17579, 17580, 17581, 17381, 17382, 17383, 17384, 17385, 17585, 17586, 17786, 17787, 17788, 17789, 17790, 17791, 17991, 17992, 17993, 18193, 18393, 18593, 18793, 18993, 18994, 19194, 19394, 19395, 19396, 19397, 19597, 19797, 19798, 19799, 19800, 20000]
  - number of used nodes: 307
  - cost: 9605
Colours
  - colours: [3, 13, 58, 64, 92, 111, 188, 189, 217, 220, 234, 259, 335, 345, 513, 568, 620, 628, 692, 724, 727, 738, 854, 874, 986, 1033, 1053, 1057, 1085, 1115, 1117, 1204, 1218, 1272, 1303, 1308, 1442, 1446, 1462, 1495, 1514, 1528, 1608, 1692, 1697, 1700, 1808, 1848, 1930, 1931, 1945, 2015, 2041, 2076, 2166, 2182, 2218, 2273, 2355, 2359, 2388, 2552, 2560, 2682, 2750, 2782, 2801, 2827, 2842, 2863, 2970, 2982, 3062, 3097, 3180, 3190, 3207, 3245, 3261, 3273, 3319, 3357, 3401, 3407, 3519, 3536, 3558, 3585, 3586, 3640, 3764, 3819, 3843, 3988, 3994, 4010, 4021, 4052, 4262, 4264, 4370, 4376, 4409, 4437, 4514, 4560, 4568, 4585, 4594, 4611, 4667, 4671, 4796, 4803, 4888, 4990, 5037, 5049, 5063, 5138, 5180, 5189, 5226, 5243, 5311, 5348, 5351, 5459, 5465, 5487, 5495, 5610, 5623, 5723, 5806, 5841, 5877, 5910, 6023, 6041, 6059, 6075, 6124, 6169, 6179, 6198, 6202, 6225, 6283, 6296, 6303, 6453, 6606, 6623, 6624, 6711, 6737, 6813, 6837, 6896, 6907, 6921, 6951, 6980, 6995, 7035, 7051, 7059, 7091, 7094, 7145, 7173, 7186, 7205, 7212, 7230, 7246, 7371, 7388, 7426, 7442, 7479, 7532, 7595, 7610, 7618, 7633, 7662, 7727, 7730, 7759, 7814, 7820, 7844, 7883, 7914, 7948, 7949, 7981, 8098, 8150, 8188, 8201, 8358, 8472, 8477, 8515, 8615, 8623, 8628, 8649, 8670, 8688, 8696, 8753, 8763, 8768, 8771, 8794, 8805, 8810, 8830, 8831, 8877, 8945, 9019, 9028, 9033, 9075, 9080, 9106, 9156, 9157, 9212, 9324, 9377, 9461, 9482, 9500, 9521, 9549, 9588, 9602, 9618, 9634, 9641, 9682, 9698, 9728, 9744, 9748, 9777, 9785, 9834, 9883, 9944, 10002, 10016, 10021, 10030, 10091, 10109, 10288, 10330, 10335, 10339, 10342, 10438, 10525, 10652, 10661, 10663, 10702, 10734, 10742, 10780, 10788, 10791, 10948, 10976, 10979, 11006, 11060, 11121, 11142, 11290, 11311, 11362, 11604, 11656, 11680, 11687, 11746, 11768, 11786, 11838, 11857, 11864, 11874, 11884, 11897]
  - number of used colours: 301


RILP Time NO EXTRA REDUCTION: 0.1
