Path
  - source node: 1
  - destination node: 20000
  - path: [1, 2, 3, 4, 204, 205, 206, 207, 208, 209, 409, 410, 411, 412, 212, 213, 214, 414, 415, 416, 616, 617, 618, 818, 819, 820, 821, 1021, 1221, 1222, 1223, 1423, 1424, 1624, 1625, 1626, 1627, 1628, 1828, 2028, 2228, 2428, 2628, 2629, 2829, 3029, 3229, 3230, 3430, 3431, 3631, 3632, 3633, 3833, 3834, 4034, 4035, 4235, 4236, 4237, 4437, 4438, 4439, 4440, 4640, 4641, 4642, 4643, 4644, 4844, 4845, 4846, 4847, 4848, 4849, 4649, 4650, 4651, 4652, 4653, 4853, 5053, 5253, 5254, 5255, 5055, 5056, 5256, 5456, 5656, 5657, 5857, 5858, 5859, 6059, 6060, 6061, 6062, 6063, 6064, 6065, 6066, 6266, 6267, 6467, 6667, 6867, 7067, 7267, 7467, 7468, 7668, 7669, 7869, 7870, 8070, 8270, 8470, 8670, 8671, 8871, 8872, 9072, 9073, 9273, 9274, 9275, 9276, 9076, 9077, 9078, 9079, 9080, 9081, 9082, 9282, 9283, 9284, 9484, 9485, 9486, 9487, 9488, 9489, 9490, 9491, 9492, 9493, 9494, 9694, 9695, 9696, 9697, 9698, 9699, 9700, 9701, 9702, 9902, 9903, 9904, 9905, 9906, 9706, 9707, 9907, 9908, 10108, 10308, 10508, 10708, 10709, 10710, 10910, 10911, 10912, 10913, 11113, 11313, 11314, 11315, 11515, 11715, 11915, 11916, 12116, 12316, 12317, 12517, 12717, 12917, 13117, 13118, 13119, 13120, 13121, 13122, 13123, 13323, 13523, 13723, 13923, 13924, 13925, 14125, 14325, 14326, 14327, 14328, 14528, 14529, 14530, 14531, 14532, 14533, 14534, 14734, 14735, 14736, 14737, 14738, 14739, 14740, 14940, 15140, 15141, 15142, 15342, 15542, 15742, 15743, 15943, 16143, 16343, 16543, 16544, 16545, 16745, 16746, 16747, 16748, 16749, 16750, 16751, 16752, 16952, 17152, 17153, 17154, 17354, 17355, 17555, 17755, 17756, 17757, 17957, 17958, 17959, 18159, 18359, 18559, 18560, 18760, 18761, 18762, 18763, 18764, 18964, 18965, 18966, 18967, 18968, 18969, 18970, 18971, 19171, 19371, 19372, 19373, 19374, 19375, 19376, 19377, 19177, 19178, 19179, 19180, 19181, 19182, 19183, 19184, 19384, 19385, 19386, 19186, 19187, 19188, 19189, 19389, 19589, 19590, 19591, 19592, 19593, 19594, 19595, 19795, 19995, 19996, 19997, 19998, 19999, 20000]
  - number of used nodes: 313
  - cost: 9131
Colours
  - colours: {2051, 8199, 2056, 1038, 9231, 8208, 9239, 10264, 10265, 2084, 3109, 4137, 2090, 10281, 8239, 4143, 9265, 51, 7220, 10295, 5178, 11324, 9278, 7232, 64, 65, 4179, 5207, 11352, 8280, 9311, 9319, 3178, 7274, 11370, 111, 9332, 118, 2167, 7287, 122, 9341, 2174, 1153, 9351, 9352, 3213, 5276, 8349, 3229, 9377, 10403, 1190, 6311, 7337, 5290, 8364, 4270, 2226, 11445, 1208, 8380, 6332, 192, 2242, 9412, 2247, 4296, 211, 4308, 220, 7391, 8417, 229, 3301, 235, 6384, 5361, 10494, 1280, 3329, 6403, 4357, 4360, 8457, 8461, 11542, 11546, 1314, 1315, 4388, 2343, 10235, 2346, 1327, 9521, 1338, 9531, 9533, 10558, 1344, 7507, 1365, 6487, 1370, 4443, 10586, 3426, 3429, 359, 6503, 5483, 10604, 6510, 3447, 2423, 7545, 1402, 5498, 8572, 2432, 8577, 6528, 1411, 5511, 4488, 6537, 400, 8593, 11664, 5530, 7579, 9627, 6557, 7606, 4535, 440, 4534, 11709, 6592, 9669, 7625, 2508, 6605, 9678, 2511, 9687, 8664, 5594, 4573, 6624, 3555, 9705, 6637, 1518, 8694, 2553, 1536, 3585, 4610, 8708, 10757, 10759, 10760, 8713, 9743, 527, 2579, 5652, 536, 6681, 9754, 10777, 4638, 3615, 5671, 8770, 582, 10822, 7755, 10827, 3663, 2640, 9815, 1624, 2649, 10839, 11868, 11869, 4702, 5731, 10854, 11878, 10862, 6778, 4733, 5759, 5760, 8832, 8838, 649, 9867, 8846, 7822, 2706, 8852, 4757, 2713, 668, 670, 10912, 4770, 4788, 3764, 10935, 4793, 7870, 1727, 10946, 7875, 10949, 2760, 9930, 1741, 2774, 8925, 6881, 6888, 3816, 5866, 2795, 9966, 10996, 8948, 8949, 9975, 7925, 6906, 7942, 4873, 2827, 7947, 8976, 7960, 2840, 7964, 6942, 11039, 3870, 807, 10024, 1835, 9005, 10030, 819, 1849, 4924, 3903, 2882, 6979, 8007, 9031, 9033, 5962, 9037, 6992, 8021, 8023, 9053, 4960, 4963, 1894, 2919, 8040, 871, 10089, 876, 1902, 10106, 890, 7037, 8065, 9096, 6026, 3983, 11155, 6041, 1947, 934, 7080, 11176, 9135, 7090, 9139, 8114, 961, 964, 1989, 3014, 7111, 969, 6090, 7124, 4056, 3037, 7134, 9192, 8181, 1014, 5115}
  - number of used colours: 310
Time Colour Constrained Dijkstra Algorithm: 0.11
Time Reduction Algorithm: 0
Time Formulation: 0
Total time: 0.11
Gap: 0
Removed nodes percentage: -1
Removed arcs percentage: -1
More Removed arcs percentage: -1
=================================================================================
Time complete formulation: 62.5
Path
  - source node: 1
  - destination node: 20000
  - path: [1, 2, 3, 4, 204, 205, 206, 207, 208, 209, 409, 410, 411, 412, 212, 213, 214, 414, 415, 416, 616, 617, 618, 818, 819, 820, 821, 1021, 1221, 1222, 1223, 1423, 1424, 1624, 1625, 1626, 1627, 1628, 1828, 2028, 2228, 2428, 2628, 2629, 2829, 3029, 3229, 3230, 3430, 3431, 3631, 3632, 3633, 3833, 3834, 4034, 4035, 4235, 4236, 4237, 4437, 4438, 4439, 4440, 4640, 4641, 4642, 4643, 4644, 4844, 4845, 4846, 4847, 4848, 4849, 4649, 4650, 4651, 4652, 4653, 4853, 5053, 5253, 5254, 5255, 5055, 5056, 5256, 5456, 5656, 5657, 5857, 5858, 5859, 6059, 6060, 6061, 6062, 6063, 6064, 6065, 6066, 6266, 6267, 6467, 6667, 6867, 7067, 7267, 7467, 7468, 7668, 7669, 7869, 7870, 8070, 8270, 8470, 8670, 8671, 8871, 8872, 9072, 9073, 9273, 9274, 9275, 9276, 9076, 9077, 9078, 9079, 9080, 9081, 9082, 9282, 9283, 9284, 9484, 9485, 9486, 9487, 9488, 9489, 9490, 9491, 9492, 9493, 9494, 9694, 9695, 9696, 9697, 9698, 9699, 9700, 9701, 9702, 9902, 9903, 9904, 9905, 9906, 9706, 9707, 9907, 9908, 10108, 10308, 10508, 10708, 10709, 10710, 10910, 10911, 10912, 10913, 11113, 11313, 11314, 11315, 11515, 11715, 11915, 11916, 12116, 12316, 12317, 12517, 12717, 12917, 13117, 13118, 13119, 13120, 13121, 13122, 13123, 13323, 13523, 13723, 13923, 13924, 13925, 14125, 14325, 14326, 14327, 14328, 14528, 14529, 14530, 14531, 14532, 14533, 14534, 14734, 14735, 14736, 14737, 14738, 14739, 14740, 14940, 15140, 15141, 15142, 15342, 15542, 15742, 15743, 15943, 16143, 16343, 16543, 16544, 16545, 16745, 16746, 16747, 16748, 16749, 16750, 16751, 16752, 16952, 17152, 17153, 17154, 17354, 17355, 17555, 17755, 17756, 17757, 17957, 17958, 17959, 18159, 18359, 18559, 18560, 18760, 18761, 18762, 18763, 18764, 18964, 18965, 18966, 18967, 18968, 18969, 18970, 18971, 19171, 19371, 19372, 19373, 19374, 19375, 19376, 19377, 19177, 19178, 19179, 19180, 19181, 19182, 19183, 19184, 19384, 19385, 19386, 19186, 19187, 19188, 19189, 19389, 19589, 19590, 19591, 19592, 19593, 19594, 19595, 19795, 19995, 19996, 19997, 19998, 19999, 20000]
  - number of used nodes: 313
  - cost: 9131
Colours
  - colours: [51, 64, 65, 111, 118, 122, 192, 211, 220, 229, 235, 359, 400, 440, 527, 536, 582, 649, 668, 670, 807, 819, 871, 876, 890, 934, 961, 964, 969, 1014, 1038, 1153, 1190, 1208, 1280, 1314, 1315, 1327, 1338, 1344, 1365, 1370, 1402, 1411, 1518, 1536, 1624, 1727, 1741, 1835, 1849, 1894, 1902, 1947, 1989, 2051, 2056, 2084, 2090, 2167, 2174, 2226, 2242, 2247, 2343, 2346, 2423, 2432, 2508, 2511, 2553, 2579, 2640, 2649, 2706, 2713, 2760, 2774, 2795, 2827, 2840, 2882, 2919, 3014, 3037, 3109, 3178, 3213, 3229, 3301, 3329, 3426, 3429, 3447, 3555, 3585, 3615, 3663, 3764, 3816, 3870, 3903, 3983, 4056, 4137, 4143, 4179, 4270, 4296, 4308, 4357, 4360, 4388, 4443, 4488, 4534, 4535, 4573, 4610, 4638, 4702, 4733, 4757, 4770, 4788, 4793, 4873, 4924, 4960, 4963, 5115, 5178, 5207, 5276, 5290, 5361, 5483, 5498, 5511, 5530, 5594, 5652, 5671, 5731, 5759, 5760, 5866, 5962, 6026, 6041, 6090, 6311, 6332, 6384, 6403, 6487, 6503, 6510, 6528, 6537, 6557, 6592, 6605, 6624, 6637, 6681, 6778, 6881, 6888, 6906, 6942, 6979, 6992, 7037, 7080, 7090, 7111, 7124, 7134, 7220, 7232, 7274, 7287, 7337, 7391, 7507, 7545, 7579, 7606, 7625, 7755, 7822, 7870, 7875, 7925, 7942, 7947, 7960, 7964, 8007, 8021, 8023, 8040, 8065, 8114, 8181, 8199, 8208, 8239, 8280, 8349, 8364, 8380, 8417, 8457, 8461, 8572, 8577, 8593, 8664, 8694, 8708, 8713, 8770, 8832, 8838, 8846, 8852, 8925, 8948, 8949, 8976, 9005, 9031, 9033, 9037, 9053, 9096, 9135, 9139, 9192, 9231, 9239, 9265, 9278, 9311, 9319, 9332, 9341, 9351, 9352, 9377, 9412, 9521, 9531, 9533, 9627, 9669, 9678, 9687, 9705, 9743, 9754, 9815, 9867, 9930, 9966, 9975, 10024, 10030, 10089, 10106, 10235, 10264, 10265, 10281, 10295, 10403, 10494, 10558, 10586, 10604, 10757, 10759, 10760, 10777, 10822, 10827, 10839, 10854, 10862, 10912, 10935, 10946, 10949, 10996, 11039, 11155, 11176, 11324, 11352, 11370, 11445, 11542, 11546, 11664, 11709, 11868, 11869, 11878]
  - number of used colours: 310


RILP Time NO EXTRA REDUCTION: 0.1
