Path
  - source node: 1
  - destination node: 20000
  - path: [1, 2, 3, 203, 204, 205, 206, 207, 208, 408, 409, 410, 411, 412, 612, 613, 614, 615, 616, 617, 618, 619, 620, 820, 821, 822, 823, 824, 825, 1025, 1225, 1226, 1227, 1427, 1627, 1628, 1629, 1829, 1830, 1831, 1832, 1833, 1834, 1835, 1836, 1837, 1838, 2038, 2039, 2040, 2240, 2440, 2441, 2641, 2642, 2643, 2644, 2444, 2445, 2446, 2447, 2448, 2648, 2649, 2849, 3049, 3050, 3051, 3052, 3053, 3054, 3055, 3056, 3057, 3058, 3059, 3259, 3260, 3261, 3461, 3462, 3463, 3464, 3465, 3466, 3467, 3468, 3469, 3470, 3471, 3671, 3672, 3673, 3674, 3874, 4074, 4274, 4474, 4475, 4476, 4676, 4677, 4678, 4679, 4680, 4880, 4881, 4882, 5082, 5083, 5283, 5284, 5285, 5286, 5086, 5087, 5088, 5288, 5289, 5489, 5490, 5491, 5492, 5692, 5892, 6092, 6093, 6293, 6294, 6295, 6296, 6297, 6298, 6498, 6499, 6500, 6700, 6900, 6901, 6902, 6903, 7103, 7303, 7304, 7504, 7704, 7705, 7905, 7906, 7907, 8107, 8108, 8308, 8309, 8310, 8510, 8511, 8512, 8712, 8713, 8913, 8914, 9114, 9314, 9315, 9515, 9516, 9716, 9717, 9917, 10117, 10118, 10119, 10120, 10121, 10321, 10322, 10323, 10324, 10325, 10525, 10526, 10527, 10528, 10529, 10530, 10531, 10731, 10931, 11131, 11132, 11133, 11134, 11334, 11534, 11535, 11735, 11736, 11737, 11738, 11739, 11740, 11940, 11941, 11942, 11943, 11944, 11945, 11946, 11947, 11948, 11949, 11950, 12150, 12350, 12550, 12551, 12751, 12951, 12952, 12953, 12954, 13154, 13354, 13554, 13555, 13556, 13557, 13757, 13758, 13958, 14158, 14358, 14558, 14559, 14759, 14760, 14761, 14961, 14962, 14963, 14964, 14965, 14966, 15166, 15167, 15168, 15169, 15170, 15370, 15371, 15372, 15373, 15374, 15574, 15774, 15775, 15975, 15976, 16176, 16376, 16377, 16378, 16379, 16579, 16580, 16581, 16582, 16583, 16584, 16784, 16785, 16985, 17185, 17186, 17187, 17387, 17587, 17588, 17589, 17789, 17790, 17791, 17792, 17793, 17794, 17795, 17796, 17797, 17798, 17998, 18198, 18398, 18399, 18599, 18799, 18999, 19199, 19399, 19599, 19799, 19800, 20000]
  - number of used nodes: 303
  - cost: 9786
Colours
  - colours: [34, 40, 8236, 96, 8292, 8294, 120, 126, 8367, 178, 224, 8436, 251, 8447, 286, 300, 316, 324, 8517, 379, 8592, 412, 8610, 8614, 8620, 462, 484, 8718, 8723, 8760, 8769, 593, 8787, 8789, 605, 606, 8813, 671, 8885, 8888, 746, 776, 8968, 9020, 831, 834, 9090, 908, 926, 958, 9180, 9185, 9186, 1004, 1021, 9227, 9258, 9301, 9350, 1192, 1211, 9441, 9445, 9458, 1270, 9503, 1312, 9504, 1320, 9531, 9552, 9581, 9601, 1431, 1482, 9682, 1492, 9714, 9759, 1567, 9771, 1637, 1651, 9870, 1730, 1745, 9955, 1764, 1765, 9973, 9980, 1809, 10024, 10032, 1852, 10096, 1908, 1913, 1969, 1970, 1980, 10189, 2068, 10283, 10290, 10326, 10336, 2258, 2261, 2262, 2301, 10510, 10514, 10526, 2348, 2364, 10574, 10603, 10625, 10650, 2464, 10658, 2523, 2546, 2581, 10787, 10789, 10791, 2618, 10828, 2642, 10837, 10851, 2672, 2688, 10895, 2712, 10921, 10926, 2767, 10978, 11011, 11021, 11028, 2859, 11070, 2899, 2912, 2985, 2997, 3013, 3031, 11248, 11271, 11274, 3097, 11303, 3152, 11367, 3178, 3191, 11384, 11403, 3226, 3231, 3247, 11442, 3278, 11472, 3305, 11556, 11559, 11573, 3403, 3452, 11651, 3492, 3510, 11721, 11743, 3553, 11764, 11760, 3608, 3614, 3620, 3657, 11851, 3748, 3807, 3846, 3856, 3931, 3965, 3987, 3993, 4000, 4021, 4067, 4109, 4115, 4434, 4487, 4489, 4496, 4506, 4543, 4583, 4594, 4640, 4641, 4693, 4700, 4764, 4777, 4811, 4820, 4882, 4965, 5010, 5049, 5055, 5119, 5134, 5165, 5257, 5376, 5393, 5432, 5444, 5447, 5564, 5575, 5581, 5624, 5625, 5645, 5711, 5738, 5744, 5776, 5872, 5908, 5914, 5950, 5978, 6006, 6031, 6055, 6080, 6104, 6167, 6181, 6229, 6308, 6397, 6413, 6467, 6479, 6517, 6532, 6578, 6582, 6622, 6624, 6654, 6667, 6708, 6712, 6726, 6793, 6891, 6895, 6904, 7156, 7335, 7341, 7401, 7447, 7564, 7590, 7602, 7644, 7683, 7712, 7749, 7758, 7926, 7929, 7967, 7979, 8020, 8029, 8058, 8068, 8115]
  - number of used colours: 296
Time Colour Constrained Dijkstra Algorithm: 0.43
Time Reduction Algorithm: 0.14
Time Formulation: 0.97
Total time: 1.55
Gap: 0.13284283670549765
Removed nodes percentage: 90.255
Removed arcs percentage: 92.43324937027708
More Removed arcs percentage: 9.354194407456728
=================================================================================
Time complete formulation: 119.77
Path
  - source node: 1
  - destination node: 20000
  - path: [1, 2, 3, 203, 204, 205, 206, 207, 208, 408, 409, 410, 411, 412, 612, 613, 614, 615, 616, 617, 618, 619, 620, 820, 821, 822, 823, 824, 825, 1025, 1225, 1226, 1227, 1427, 1627, 1628, 1629, 1829, 1830, 1831, 1832, 1833, 1834, 1835, 1836, 1837, 1838, 2038, 2039, 2040, 2240, 2440, 2441, 2641, 2642, 2643, 2644, 2444, 2445, 2446, 2447, 2448, 2648, 2649, 2849, 3049, 3050, 3051, 3052, 3053, 3054, 3055, 3056, 3057, 3058, 3059, 3259, 3260, 3261, 3461, 3462, 3463, 3464, 3465, 3466, 3467, 3468, 3469, 3470, 3471, 3671, 3672, 3673, 3674, 3874, 4074, 4274, 4474, 4475, 4476, 4676, 4677, 4678, 4679, 4680, 4880, 4881, 4882, 5082, 5083, 5283, 5284, 5285, 5286, 5086, 5087, 5088, 5288, 5289, 5489, 5490, 5491, 5492, 5692, 5892, 6092, 6093, 6293, 6294, 6295, 6296, 6297, 6298, 6498, 6499, 6500, 6700, 6900, 6901, 6902, 6903, 7103, 7303, 7304, 7504, 7704, 7705, 7905, 7906, 7907, 8107, 8108, 8308, 8309, 8310, 8510, 8511, 8512, 8712, 8713, 8913, 8914, 9114, 9314, 9315, 9515, 9516, 9716, 9717, 9917, 10117, 10118, 10119, 10120, 10121, 10321, 10322, 10323, 10324, 10325, 10525, 10526, 10527, 10528, 10529, 10530, 10531, 10731, 10931, 11131, 11132, 11133, 11134, 11334, 11534, 11535, 11735, 11736, 11737, 11738, 11739, 11740, 11940, 11941, 11942, 11943, 11944, 11945, 11946, 11947, 11948, 11949, 11950, 12150, 12350, 12550, 12551, 12751, 12951, 12952, 12953, 12954, 13154, 13354, 13554, 13555, 13556, 13557, 13757, 13758, 13958, 14158, 14358, 14558, 14559, 14759, 14760, 14761, 14961, 14962, 14963, 14964, 14965, 14966, 15166, 15167, 15168, 15169, 15170, 15370, 15371, 15372, 15373, 15374, 15574, 15774, 15775, 15975, 15976, 16176, 16376, 16377, 16378, 16379, 16579, 16580, 16581, 16582, 16583, 16584, 16784, 16785, 16985, 17185, 17186, 17187, 17387, 17587, 17588, 17589, 17789, 17790, 17791, 17792, 17793, 17794, 17795, 17796, 17797, 17798, 17998, 18198, 18398, 18399, 18599, 18799, 18999, 19199, 19399, 19599, 19799, 19800, 20000]
  - number of used nodes: 303
  - cost: 9786
Colours
  - colours: [34, 40, 96, 120, 126, 178, 224, 251, 286, 300, 316, 324, 379, 412, 462, 484, 593, 605, 606, 671, 746, 776, 831, 834, 908, 926, 958, 1004, 1021, 1192, 1211, 1270, 1312, 1320, 1431, 1482, 1492, 1567, 1637, 1651, 1730, 1745, 1764, 1765, 1809, 1852, 1908, 1913, 1969, 1970, 1980, 2068, 2258, 2261, 2262, 2301, 2348, 2364, 2464, 2523, 2546, 2581, 2618, 2642, 2672, 2688, 2712, 2767, 2859, 2899, 2912, 2985, 2997, 3013, 3031, 3097, 3152, 3178, 3191, 3226, 3231, 3247, 3278, 3305, 3403, 3452, 3492, 3510, 3553, 3608, 3614, 3620, 3657, 3748, 3807, 3846, 3856, 3931, 3965, 3987, 3993, 4000, 4021, 4067, 4109, 4115, 4434, 4487, 4489, 4496, 4506, 4543, 4583, 4594, 4640, 4641, 4693, 4700, 4764, 4777, 4811, 4820, 4882, 4965, 5010, 5049, 5055, 5119, 5134, 5165, 5257, 5376, 5393, 5432, 5444, 5447, 5564, 5575, 5581, 5624, 5625, 5645, 5711, 5738, 5744, 5776, 5872, 5908, 5914, 5950, 5978, 6006, 6031, 6055, 6080, 6104, 6167, 6181, 6229, 6308, 6397, 6413, 6467, 6479, 6517, 6532, 6578, 6582, 6622, 6624, 6654, 6667, 6708, 6712, 6726, 6793, 6891, 6895, 6904, 7156, 7335, 7341, 7401, 7447, 7564, 7590, 7602, 7644, 7683, 7712, 7749, 7758, 7926, 7929, 7967, 7979, 8020, 8029, 8058, 8068, 8115, 8236, 8292, 8294, 8367, 8436, 8447, 8517, 8592, 8610, 8614, 8620, 8718, 8723, 8760, 8769, 8787, 8789, 8813, 8885, 8888, 8968, 9020, 9090, 9180, 9185, 9186, 9227, 9258, 9301, 9350, 9441, 9445, 9458, 9503, 9504, 9531, 9552, 9581, 9601, 9682, 9714, 9759, 9771, 9870, 9955, 9973, 9980, 10024, 10032, 10096, 10189, 10283, 10290, 10326, 10336, 10510, 10514, 10526, 10574, 10603, 10625, 10650, 10658, 10787, 10789, 10791, 10828, 10837, 10851, 10895, 10921, 10926, 10978, 11011, 11021, 11028, 11070, 11248, 11271, 11274, 11303, 11367, 11384, 11403, 11442, 11472, 11556, 11559, 11573, 11651, 11721, 11743, 11760, 11764, 11851]
  - number of used colours: 296


RILP Time NO EXTRA REDUCTION: 1.45
