Path
  - source node: 1
  - destination node: 20000
  - path: [1, 2, 3, 4, 5, 6, 7, 207, 208, 209, 210, 211, 212, 412, 413, 613, 813, 1013, 1014, 1015, 1215, 1415, 1615, 1616, 1816, 2016, 2017, 2018, 2019, 2219, 2419, 2619, 2620, 2820, 2821, 2822, 2823, 3023, 3024, 3025, 3026, 3226, 3227, 3228, 3229, 3230, 3231, 3232, 3432, 3632, 3633, 3634, 3635, 3835, 4035, 4036, 4236, 4436, 4437, 4637, 4837, 4838, 4839, 4840, 4841, 5041, 5241, 5242, 5243, 5244, 5444, 5445, 5645, 5646, 5846, 5847, 6047, 6247, 6248, 6249, 6250, 6450, 6650, 6651, 6851, 6852, 6853, 6854, 6855, 6856, 6857, 6858, 6859, 7059, 7259, 7260, 7261, 7262, 7263, 7463, 7464, 7664, 7864, 8064, 8065, 8066, 8067, 8267, 8467, 8468, 8469, 8470, 8471, 8472, 8473, 8474, 8674, 8675, 8875, 8876, 8877, 8878, 8879, 8880, 8881, 8882, 9082, 9282, 9283, 9284, 9285, 9485, 9486, 9686, 9687, 9688, 9689, 9690, 9691, 9692, 9892, 9893, 9894, 9895, 9896, 9897, 9898, 10098, 10099, 10100, 10101, 10102, 10103, 10104, 10304, 10305, 10306, 10307, 10507, 10707, 10708, 10908, 11108, 11308, 11309, 11509, 11510, 11710, 11711, 11911, 12111, 12311, 12312, 12512, 12712, 12912, 12913, 12914, 13114, 13314, 13315, 13515, 13516, 13517, 13717, 13718, 13719, 13720, 13721, 13921, 13922, 13923, 13924, 13925, 13926, 14126, 14326, 14526, 14527, 14528, 14529, 14530, 14531, 14331, 14332, 14333, 14334, 14335, 14336, 14337, 14338, 14339, 14340, 14341, 14342, 14542, 14742, 14743, 14943, 14944, 15144, 15145, 15146, 15346, 15347, 15348, 15548, 15549, 15550, 15551, 15552, 15752, 15753, 15754, 15954, 16154, 16155, 16156, 16157, 16158, 16358, 16558, 16758, 16958, 16959, 17159, 17160, 17360, 17361, 17561, 17761, 17961, 18161, 18361, 18362, 18363, 18364, 18365, 18565, 18765, 18766, 18767, 18768, 18769, 18770, 18771, 18772, 18773, 18774, 18775, 18776, 18777, 18778, 18779, 18780, 18980, 18981, 18982, 18983, 18984, 18985, 18986, 18987, 19187, 19188, 19189, 19190, 19191, 19192, 19193, 19194, 19195, 19395, 19396, 19397, 19398, 19598, 19599, 19799, 19800, 20000]
  - number of used nodes: 301
  - cost: 9482
Colours
  - colours: {10242, 11274, 10253, 7181, 1021, 5141, 9238, 29, 8222, 9250, 36, 4134, 5158, 7212, 8239, 9264, 2099, 9269, 10295, 9279, 6208, 7231, 11336, 75, 77, 10323, 84, 4182, 4089, 11363, 8292, 110, 10360, 10365, 8321, 11394, 10370, 3202, 8326, 3209, 6283, 144, 146, 1171, 5270, 159, 1192, 169, 9392, 11447, 5303, 186, 4288, 192, 10432, 195, 7363, 7367, 1223, 3277, 10452, 1237, 1242, 4319, 5345, 2279, 11498, 5354, 7404, 238, 8189, 248, 8448, 1282, 5383, 10504, 6409, 9480, 9483, 6412, 3339, 6408, 6416, 5392, 10512, 6425, 287, 6432, 3361, 11554, 8479, 4388, 5408, 10536, 1322, 4401, 9526, 7481, 9532, 1341, 3394, 7493, 9545, 2385, 11608, 2395, 5468, 2400, 8545, 1382, 10605, 10607, 1393, 3443, 372, 4487, 8588, 10637, 1423, 10641, 10642, 5524, 5532, 8609, 424, 7597, 4525, 3513, 11705, 1465, 6591, 10688, 450, 11716, 9677, 1488, 4576, 2535, 8688, 9715, 8700, 7679, 9730, 1541, 1543, 2574, 9742, 5647, 9751, 2585, 2586, 6693, 551, 4655, 9779, 4661, 8759, 1591, 10809, 1593, 8769, 4675, 9798, 11853, 8783, 3670, 11863, 1626, 2653, 6757, 6762, 9843, 10867, 4732, 9853, 10879, 5763, 1669, 5768, 5769, 5771, 5779, 10900, 7828, 9884, 5796, 1701, 2725, 9901, 3765, 5818, 2747, 1725, 9917, 2750, 9926, 10954, 715, 7885, 8912, 6871, 9945, 3804, 8926, 1759, 738, 9957, 9960, 750, 10994, 3841, 8962, 4868, 5894, 8968, 9993, 780, 4877, 3853, 1809, 6931, 11027, 1817, 5915, 2843, 1820, 8990, 8996, 3882, 812, 4909, 5943, 2872, 1848, 3897, 10047, 6983, 840, 8012, 1869, 8016, 5969, 6992, 8023, 4953, 11099, 10077, 11105, 8039, 1896, 7017, 7020, 4975, 10097, 7029, 891, 1916, 6014, 11135, 10115, 1928, 909, 11152, 1941, 924, 1948, 5023, 929, 7074, 5037, 6062, 11185, 5046, 951, 9148, 4030, 11199, 3011, 11205, 10190, 5071, 9172, 5082, 7132, 4064, 11239, 11242, 2027, 7148, 10221, 7154, 5106, 8185, 2045}
  - number of used colours: 294
Time Colour Constrained Dijkstra Algorithm: 0.1
Time Reduction Algorithm: 0
Time Formulation: 0
Total time: 0.1
Gap: 0
Removed nodes percentage: -1
Removed arcs percentage: -1
More Removed arcs percentage: -1