Path
  - source node: 1
  - destination node: 20000
  - path: [1, 2, 3, 203, 403, 603, 803, 1003, 1004, 1204, 1404, 1405, 1406, 1407, 1408, 1608, 1808, 2008, 2208, 2209, 2210, 2211, 2212, 2213, 2214, 2215, 2216, 2217, 2417, 2418, 2419, 2420, 2620, 2820, 2821, 2822, 2823, 2824, 2825, 3025, 3026, 3027, 3028, 2828, 2829, 2830, 2831, 3031, 3032, 3232, 3233, 3433, 3434, 3435, 3635, 3636, 3836, 3837, 3838, 4038, 4238, 4239, 4439, 4639, 4839, 5039, 5040, 5041, 5042, 5043, 5044, 5045, 5046, 5246, 5446, 5447, 5647, 5847, 5848, 6048, 6248, 6448, 6648, 6649, 6849, 7049, 7050, 7051, 7052, 7053, 7054, 7055, 7056, 7057, 7257, 7258, 7458, 7459, 7659, 7859, 7860, 7861, 7862, 8062, 8063, 8064, 8065, 8265, 8266, 8267, 8467, 8468, 8469, 8669, 8670, 8671, 8672, 8673, 8674, 8874, 8875, 8876, 8877, 8878, 9078, 9079, 9080, 9081, 9281, 9282, 9482, 9483, 9484, 9485, 9486, 9487, 9488, 9489, 9490, 9690, 9691, 9891, 9892, 9893, 9894, 9895, 10095, 10295, 10296, 10496, 10696, 10697, 10698, 10898, 10899, 10900, 10901, 10902, 10903, 11103, 11104, 11105, 11106, 11107, 11108, 11109, 11110, 11111, 11112, 11312, 11313, 11314, 11315, 11316, 11317, 11318, 11319, 11519, 11520, 11720, 11920, 11921, 11922, 12122, 12322, 12522, 12523, 12723, 12724, 12725, 12726, 12727, 12728, 12729, 12929, 12930, 12931, 13131, 13132, 13133, 13134, 13334, 13534, 13535, 13735, 13935, 13936, 14136, 14336, 14337, 14338, 14339, 14340, 14341, 14541, 14542, 14742, 14743, 14943, 14944, 15144, 15145, 15345, 15545, 15546, 15547, 15548, 15549, 15749, 15949, 15950, 16150, 16350, 16351, 16352, 16552, 16553, 16554, 16555, 16556, 16557, 16757, 16758, 16958, 16959, 16960, 16961, 16962, 16963, 17163, 17164, 17364, 17365, 17366, 17367, 17567, 17568, 17569, 17769, 17770, 17970, 18170, 18370, 18371, 18372, 18373, 18374, 18375, 18376, 18377, 18378, 18379, 18380, 18580, 18780, 18980, 18981, 18982, 18983, 18984, 19184, 19185, 19186, 19187, 19387, 19388, 19389, 19390, 19391, 19392, 19393, 19394, 19395, 19396, 19596, 19796, 19996, 19997, 19998, 19999, 20000]
  - number of used nodes: 301
  - cost: 9834
Colours
  - colours: [8192, 3586, 11778, 4610, 2562, 1026, 7177, 4106, 11273, 9230, 4623, 7184, 2575, 10258, 8215, 10265, 2586, 1563, 28, 1052, 7710, 4642, 546, 2596, 549, 7720, 5161, 3113, 8748, 1583, 4656, 49, 11825, 6704, 5684, 1589, 8757, 11823, 6708, 8761, 570, 7739, 3648, 578, 2118, 2123, 9803, 2127, 79, 7249, 1106, 4691, 3667, 1109, 4182, 599, 1112, 10329, 8278, 1119, 2656, 5215, 10340, 6244, 11885, 2671, 9839, 9840, 4722, 8304, 5750, 118, 5238, 7804, 9341, 1662, 7807, 5113, 10878, 8834, 1159, 7304, 10887, 4743, 9355, 2699, 7821, 1162, 8847, 7313, 10388, 7835, 8861, 9888, 9377, 6819, 8870, 11430, 1193, 3756, 2221, 6318, 1712, 5808, 2736, 3249, 5813, 1718, 9400, 6330, 10427, 7356, 3773, 7355, 8892, 4801, 9414, 3272, 1738, 4300, 8909, 3790, 10449, 723, 5843, 2261, 10968, 2780, 5342, 5857, 226, 11489, 1249, 3814, 7912, 1769, 7403, 748, 1772, 7917, 11501, 10992, 5870, 5874, 9459, 3827, 2803, 240, 2293, 2300, 6397, 1276, 9471, 8960, 4353, 1283, 9988, 4870, 7948, 1292, 1806, 1807, 5390, 5902, 11538, 1804, 5397, 8469, 4375, 11547, 286, 11041, 7970, 10019, 5409, 1829, 3366, 1825, 5929, 6953, 4907, 1324, 4911, 1842, 11059, 6964, 6452, 4407, 6455, 3897, 5943, 3903, 2879, 2370, 8007, 1351, 1867, 9035, 11090, 10578, 9044, 6484, 2902, 8535, 4952, 4956, 2912, 5988, 872, 6508, 2416, 11120, 881, 8053, 2422, 2940, 8061, 8062, 10622, 383, 9090, 11651, 4487, 11656, 5513, 8073, 2951, 2445, 8591, 8080, 10129, 7058, 920, 9627, 1948, 11681, 4514, 10147, 10658, 2980, 418, 5027, 10663, 3494, 2474, 11692, 5549, 3501, 943, 4531, 5044, 437, 6581, 2487, 952, 4537, 2490, 1980, 11196, 10174, 9152, 10178, 5058, 1475, 6085, 4039, 2504, 3021, 7118, 975, 7125, 2519, 7127, 6619, 9692, 9693, 9179, 5087, 7134, 6113, 3554, 8164, 6118, 10214, 9193, 9709, 2030, 495, 9202, 7666, 5622, 10233, 2555, 11773, 511]
  - number of used colours: 295
Time Colour Constrained Dijkstra Algorithm: 0.18
Time Reduction Algorithm: 0.13
Time Formulation: 0.01
Total time: 0.33
Gap: 0.0
Removed nodes percentage: 98.495
Removed arcs percentage: 99.24433249370277
More Removed arcs percentage: 0.0