Path
  - source node: 1
  - destination node: 20000
  - path: [1, 201, 401, 402, 403, 404, 405, 605, 606, 607, 608, 609, 610, 611, 612, 613, 614, 615, 616, 617, 618, 619, 620, 621, 622, 822, 1022, 1222, 1223, 1224, 1225, 1226, 1426, 1626, 1826, 1827, 2027, 2227, 2427, 2428, 2628, 2629, 2829, 2830, 3030, 3230, 3430, 3431, 3631, 3831, 4031, 4231, 4431, 4432, 4433, 4434, 4435, 4436, 4437, 4438, 4439, 4440, 4640, 4641, 4642, 4842, 4843, 4844, 4845, 5045, 5046, 5246, 5247, 5248, 5249, 5250, 5251, 5451, 5452, 5453, 5454, 5455, 5255, 5256, 5257, 5457, 5458, 5658, 5858, 5859, 5860, 6060, 6061, 6062, 6063, 6064, 6065, 6265, 6266, 6466, 6467, 6468, 6469, 6669, 6670, 6671, 6871, 6872, 6873, 6874, 7074, 7274, 7474, 7674, 7874, 7875, 8075, 8275, 8276, 8277, 8278, 8279, 8479, 8480, 8481, 8482, 8483, 8484, 8684, 8685, 8885, 8886, 9086, 9087, 9088, 9089, 9289, 9489, 9490, 9690, 9691, 9692, 9892, 9893, 9894, 9895, 10095, 10096, 10097, 10098, 10099, 10100, 10300, 10301, 10501, 10502, 10702, 10902, 10903, 10904, 11104, 11105, 11106, 11107, 10907, 10908, 10909, 10910, 11110, 11310, 11311, 11312, 11313, 11513, 11713, 11714, 11715, 11716, 11717, 11718, 11719, 11919, 11920, 11921, 11922, 11923, 11924, 12124, 12324, 12325, 12326, 12327, 12527, 12727, 12728, 12928, 12929, 13129, 13130, 13131, 13331, 13531, 13532, 13533, 13733, 13734, 13934, 13935, 13936, 13937, 13938, 13939, 14139, 14140, 14141, 14142, 14143, 14343, 14344, 14544, 14744, 14944, 15144, 15145, 15146, 15147, 15347, 15547, 15747, 15947, 15948, 15949, 15950, 15951, 15952, 15953, 15954, 15955, 15956, 15957, 15958, 15959, 15960, 16160, 16161, 16162, 16163, 16363, 16563, 16564, 16565, 16566, 16766, 16767, 16768, 16769, 16770, 16771, 16971, 16972, 16973, 16974, 17174, 17175, 17176, 17177, 17377, 17577, 17578, 17579, 17779, 17979, 17980, 17981, 17982, 17983, 18183, 18383, 18583, 18584, 18585, 18785, 18786, 18787, 18987, 18988, 18989, 18990, 18991, 18992, 18993, 19193, 19194, 19394, 19395, 19396, 19596, 19597, 19598, 19599, 19600, 19800, 20000]
  - number of used nodes: 303
  - cost: 9739
Colours
  - colours: [4, 2057, 10267, 2076, 2079, 4133, 39, 47, 61, 6210, 67, 2124, 10317, 10320, 10336, 6248, 2153, 8302, 4206, 116, 128, 130, 10374, 10377, 4238, 4242, 152, 6301, 10398, 2208, 10414, 8378, 10426, 6333, 192, 2242, 10440, 6345, 10442, 8399, 10447, 8403, 10458, 8414, 6370, 6392, 4361, 2314, 8463, 304, 2353, 4402, 2356, 8520, 8523, 4431, 10579, 8532, 10587, 8546, 4451, 6498, 384, 389, 8587, 4493, 10642, 4505, 4510, 4518, 10664, 2481, 6581, 2503, 458, 462, 4558, 8657, 473, 2524, 10718, 6623, 10724, 4583, 10731, 516, 517, 2569, 4619, 4624, 2582, 2586, 6698, 6700, 556, 4667, 10826, 593, 8794, 6780, 2691, 647, 10895, 8857, 4762, 2722, 6819, 4777, 6826, 6829, 2736, 2745, 10954, 8920, 6879, 8932, 11004, 6909, 766, 8959, 11026, 8985, 11039, 6945, 6949, 4904, 2872, 6972, 11069, 2881, 4936, 6989, 850, 2899, 7015, 7016, 2924, 9073, 11122, 11129, 2950, 9099, 9105, 11155, 5019, 9117, 927, 2985, 7081, 7085, 964, 9157, 7114, 971, 974, 9168, 5077, 11231, 3056, 9206, 5130, 11275, 3099, 1055, 3105, 9270, 5180, 7232, 11337, 7242, 3147, 9291, 7248, 3156, 9321, 11370, 5226, 3180, 5228, 9333, 7291, 1153, 9352, 9368, 1178, 9372, 7325, 11421, 9373, 3236, 11447, 11456, 5317, 3274, 9419, 3280, 9424, 7378, 5331, 3289, 5349, 3303, 7405, 3313, 11505, 7408, 7415, 7416, 9470, 9482, 5391, 1302, 1328, 5427, 11581, 5448, 9562, 9569, 3433, 5485, 7532, 11647, 11660, 1430, 1438, 9667, 1488, 5594, 3556, 5605, 11748, 9709, 3594, 5643, 5652, 3616, 11815, 3625, 3637, 9788, 9790, 9799, 11862, 7780, 9834, 11884, 5757, 9857, 5764, 11908, 9872, 1694, 5791, 3748, 7853, 3765, 9914, 9925, 1742, 9946, 3821, 1774, 5871, 1777, 3835, 3840, 1794, 7939, 9996, 3876, 7975, 5933, 1845, 1859, 10068, 5973, 3949, 10121, 6037, 3994, 8095, 1953, 4003, 4011, 6060, 6079, 10187, 2004, 8152, 2015, 10217, 4078, 10226, 8178, 10228, 6140, 6141]
  - number of used colours: 297
Time Colour Constrained Dijkstra Algorithm: 0.18
Time Reduction Algorithm: 0.11
Time Formulation: 0.08
Total time: 0.37
Gap: 0.0
Removed nodes percentage: 97.5
Removed arcs percentage: 98.60705289672545
More Removed arcs percentage: 5.786618444846292