Path
  - source node: 1
  - destination node: 20000
  - path: [1, 201, 401, 601, 801, 802, 803, 1003, 1203, 1204, 1404, 1604, 1605, 1805, 1806, 2006, 2206, 2207, 2208, 2209, 2409, 2609, 2809, 3009, 3209, 3409, 3410, 3610, 3810, 4010, 4011, 4012, 4212, 4213, 4214, 4215, 4415, 4615, 4616, 4617, 4618, 4418, 4419, 4420, 4421, 4422, 4622, 4822, 5022, 5023, 5024, 5224, 5225, 5226, 5426, 5427, 5627, 5628, 5629, 5829, 6029, 6030, 6230, 6231, 6232, 6432, 6433, 6434, 6634, 6834, 7034, 7234, 7235, 7236, 7237, 7437, 7438, 7638, 7639, 7640, 7641, 7841, 8041, 8042, 8242, 8243, 8244, 8444, 8445, 8446, 8646, 8647, 8847, 8848, 8849, 8850, 8851, 9051, 9251, 9252, 9452, 9652, 9653, 9853, 10053, 10054, 10055, 10056, 10256, 10456, 10457, 10458, 10459, 10659, 10859, 11059, 11259, 11260, 11261, 11461, 11661, 11662, 11862, 11863, 11864, 12064, 12065, 12066, 12067, 12068, 12069, 12070, 12071, 12072, 12073, 12074, 12274, 12474, 12674, 12675, 12676, 12677, 12678, 12679, 12680, 12681, 12682, 12683, 12684, 12685, 12686, 12886, 13086, 13286, 13486, 13686, 13886, 13887, 13888, 13889, 14089, 14090, 14290, 14490, 14491, 14492, 14493, 14494, 14294, 14295, 14296, 14297, 14298, 14299, 14499, 14500, 14501, 14502, 14702, 14902, 14903, 14904, 14905, 14906, 14907, 14908, 14909, 14910, 14911, 14912, 14913, 15113, 15114, 15115, 15116, 15117, 15118, 15119, 15120, 15121, 15321, 15322, 15522, 15722, 15723, 15724, 15725, 15925, 16125, 16126, 16127, 16327, 16328, 16528, 16728, 16928, 16929, 16930, 16931, 17131, 17132, 17133, 16933, 16934, 16935, 16936, 16937, 16938, 16939, 17139, 17140, 17340, 17341, 17342, 17343, 17344, 17345, 17346, 17347, 17348, 17349, 17350, 17150, 17151, 17152, 17153, 17353, 17354, 17355, 17356, 17556, 17557, 17558, 17559, 17560, 17561, 17562, 17762, 17763, 17963, 17964, 17965, 18165, 18166, 18167, 18168, 18169, 18170, 18370, 18371, 18372, 18373, 18374, 18375, 18376, 18576, 18577, 18777, 18778, 18779, 18979, 18980, 18981, 18982, 18983, 18984, 18985, 18986, 19186, 19187, 19188, 19388, 19389, 19390, 19590, 19591, 19592, 19792, 19793, 19794, 19994, 19995, 19996, 19997, 19998, 19999, 20000]
  - number of used nodes: 307
  - cost: 9707
Colours
  - colours: [4096, 2050, 8203, 6158, 4118, 22, 10272, 10289, 8250, 2124, 6221, 6222, 2132, 86, 2138, 8298, 6256, 116, 10367, 6277, 140, 8336, 6290, 8359, 10422, 2234, 4282, 2260, 215, 8420, 10478, 2293, 8450, 6402, 2310, 10504, 4367, 8482, 2340, 6436, 10538, 314, 337, 10581, 8534, 4445, 10593, 384, 8594, 2458, 6554, 4517, 4533, 4539, 4552, 457, 2506, 6604, 4562, 4565, 8663, 10734, 2555, 10765, 6672, 2588, 8732, 8733, 6687, 2591, 4637, 546, 551, 6699, 4654, 6709, 2628, 10842, 4702, 606, 8805, 4713, 6769, 8843, 6798, 4753, 6811, 10918, 8876, 8889, 4813, 722, 10962, 4827, 2791, 4860, 4862, 770, 4872, 11017, 786, 11030, 2852, 2853, 4903, 6958, 2872, 9020, 9022, 4926, 831, 2888, 4949, 854, 6997, 4964, 7021, 11121, 4977, 11127, 2936, 7038, 4993, 4994, 9090, 7041, 4997, 11141, 11164, 937, 11182, 7094, 3007, 3017, 990, 9197, 11259, 7185, 7186, 7204, 5161, 3121, 7226, 5192, 5194, 9290, 11343, 7247, 11344, 7250, 11352, 9311, 5225, 3181, 3191, 1155, 9349, 11399, 5269, 1178, 1186, 7335, 3242, 7339, 3249, 7352, 9412, 7367, 1226, 11467, 11473, 5332, 3287, 5339, 3300, 1254, 3316, 1270, 11512, 7420, 5372, 7422, 1276, 7424, 7428, 3345, 5396, 3355, 3360, 3364, 9522, 3381, 11583, 9538, 1347, 1363, 9573, 9582, 5491, 3446, 1402, 3450, 11643, 1407, 11648, 7566, 11665, 7572, 11675, 5544, 11693, 11696, 11701, 11702, 1467, 1470, 5566, 1484, 11741, 11747, 11755, 5613, 7677, 7681, 1545, 5643, 3603, 3604, 3607, 11807, 9771, 1581, 7739, 3654, 9804, 11853, 3663, 3681, 7781, 9837, 1645, 5750, 3703, 5756, 3716, 5768, 7827, 9876, 1690, 7843, 7848, 3752, 3758, 5806, 3766, 1725, 7912, 9962, 7921, 1796, 5911, 1817, 7964, 5916, 10017, 10021, 10039, 7999, 10058, 1867, 3926, 1879, 5978, 10077, 1893, 1902, 3955, 3972, 6042, 6046, 10145, 4002, 4004, 6056, 4009, 4011, 6061, 1975, 4028, 6076, 10176, 8134, 1996, 8142, 6101, 4064, 8164, 4071, 10218]
  - number of used colours: 299
Time Colour Constrained Dijkstra Algorithm: 0.18
Time Reduction Algorithm: 0.11
Time Formulation: 0.03
Total time: 0.32
Gap: 0.010301844030081385
Removed nodes percentage: 98.35000000000001
Removed arcs percentage: 99.13853904282117
More Removed arcs percentage: 1.4619883040935644
=================================================================================
Time complete formulation: 70.47
Path
  - source node: 1
  - destination node: 20000
  - path: [1, 201, 401, 601, 801, 802, 803, 1003, 1203, 1204, 1404, 1604, 1605, 1805, 1806, 2006, 2206, 2207, 2208, 2209, 2409, 2609, 2809, 3009, 3209, 3409, 3410, 3610, 3810, 4010, 4011, 4012, 4212, 4213, 4214, 4215, 4415, 4615, 4616, 4617, 4618, 4418, 4419, 4420, 4421, 4422, 4622, 4822, 5022, 5023, 5024, 5224, 5225, 5226, 5426, 5427, 5627, 5628, 5629, 5829, 6029, 6030, 6230, 6231, 6232, 6432, 6433, 6434, 6634, 6834, 7034, 7234, 7235, 7236, 7237, 7437, 7438, 7638, 7639, 7640, 7641, 7841, 8041, 8042, 8242, 8243, 8244, 8444, 8445, 8446, 8646, 8647, 8847, 8848, 8849, 8850, 8851, 9051, 9251, 9252, 9452, 9652, 9653, 9853, 10053, 10054, 10055, 10056, 10256, 10456, 10457, 10458, 10459, 10659, 10859, 11059, 11259, 11260, 11261, 11461, 11661, 11662, 11862, 11863, 11864, 12064, 12065, 12066, 12067, 12068, 12069, 12070, 12071, 12072, 12073, 12074, 12274, 12474, 12674, 12675, 12676, 12677, 12678, 12679, 12680, 12681, 12682, 12683, 12684, 12685, 12686, 12886, 13086, 13286, 13486, 13686, 13886, 13887, 13888, 13889, 14089, 14090, 14290, 14490, 14491, 14492, 14493, 14494, 14294, 14295, 14296, 14297, 14298, 14299, 14499, 14500, 14501, 14502, 14702, 14902, 14903, 14904, 14905, 14906, 14907, 14908, 14909, 14910, 14911, 14912, 14913, 15113, 15114, 15115, 15116, 15117, 15118, 15119, 15120, 15121, 15321, 15322, 15522, 15722, 15723, 15724, 15725, 15925, 16125, 16126, 16127, 16327, 16328, 16528, 16728, 16928, 16929, 16930, 16931, 17131, 17132, 17133, 16933, 16934, 16935, 16936, 16937, 16938, 16939, 17139, 17140, 17340, 17341, 17342, 17343, 17344, 17345, 17346, 17347, 17348, 17349, 17350, 17150, 17151, 17152, 17153, 17353, 17354, 17355, 17356, 17556, 17557, 17558, 17559, 17560, 17561, 17562, 17762, 17763, 17963, 17964, 17965, 18165, 18166, 18167, 18168, 18169, 18170, 18370, 18371, 18372, 18373, 18374, 18375, 18376, 18576, 18577, 18777, 18778, 18779, 18979, 18980, 18981, 18982, 18983, 18984, 18985, 18986, 19186, 19187, 19188, 19388, 19389, 19390, 19590, 19591, 19592, 19792, 19793, 19794, 19994, 19995, 19996, 19997, 19998, 19999, 20000]
  - number of used nodes: 307
  - cost: 9707
Colours
  - colours: [22, 86, 116, 140, 215, 314, 337, 384, 457, 546, 551, 606, 722, 770, 786, 831, 854, 937, 990, 1155, 1178, 1186, 1226, 1254, 1270, 1276, 1347, 1363, 1402, 1407, 1467, 1470, 1484, 1545, 1581, 1645, 1690, 1725, 1796, 1817, 1867, 1879, 1893, 1902, 1975, 1996, 2050, 2124, 2132, 2138, 2234, 2260, 2293, 2310, 2340, 2458, 2506, 2555, 2588, 2591, 2628, 2791, 2852, 2853, 2872, 2888, 2936, 3007, 3017, 3121, 3181, 3191, 3242, 3249, 3287, 3300, 3316, 3345, 3355, 3360, 3364, 3381, 3446, 3450, 3603, 3604, 3607, 3654, 3663, 3681, 3703, 3716, 3752, 3758, 3766, 3926, 3955, 3972, 4002, 4004, 4009, 4011, 4028, 4064, 4071, 4096, 4118, 4282, 4367, 4445, 4517, 4533, 4539, 4552, 4562, 4565, 4637, 4654, 4702, 4713, 4753, 4813, 4827, 4860, 4862, 4872, 4903, 4926, 4949, 4964, 4977, 4993, 4994, 4997, 5161, 5192, 5194, 5225, 5269, 5332, 5339, 5372, 5396, 5491, 5544, 5566, 5613, 5643, 5750, 5756, 5768, 5806, 5911, 5916, 5978, 6042, 6046, 6056, 6061, 6076, 6101, 6158, 6221, 6222, 6256, 6277, 6290, 6402, 6436, 6554, 6604, 6672, 6687, 6699, 6709, 6769, 6798, 6811, 6958, 6997, 7021, 7038, 7041, 7094, 7185, 7186, 7204, 7226, 7247, 7250, 7335, 7339, 7352, 7367, 7420, 7422, 7424, 7428, 7566, 7572, 7677, 7681, 7739, 7781, 7827, 7843, 7848, 7912, 7921, 7964, 7999, 8134, 8142, 8164, 8203, 8250, 8298, 8336, 8359, 8420, 8450, 8482, 8534, 8594, 8663, 8732, 8733, 8805, 8843, 8876, 8889, 9020, 9022, 9090, 9197, 9290, 9311, 9349, 9412, 9522, 9538, 9573, 9582, 9771, 9804, 9837, 9876, 9962, 10017, 10021, 10039, 10058, 10077, 10145, 10176, 10218, 10272, 10289, 10367, 10422, 10478, 10504, 10538, 10581, 10593, 10734, 10765, 10842, 10918, 10962, 11017, 11030, 11121, 11127, 11141, 11164, 11182, 11259, 11343, 11344, 11352, 11399, 11467, 11473, 11512, 11583, 11643, 11648, 11665, 11675, 11693, 11696, 11701, 11702, 11741, 11747, 11755, 11807, 11853]
  - number of used colours: 299


RILP Time NO EXTRA REDUCTION: 0.33
