Path
  - source node: 1
  - destination node: 20000
  - path: [1, 201, 202, 203, 204, 404, 405, 605, 805, 1005, 1205, 1206, 1207, 1208, 1209, 1210, 1410, 1411, 1412, 1413, 1613, 1614, 1814, 1815, 2015, 2016, 2216, 2217, 2218, 2219, 2220, 2221, 2421, 2422, 2423, 2424, 2624, 2625, 2626, 2627, 2827, 2828, 2829, 2830, 2831, 3031, 3032, 3033, 3034, 3234, 3235, 3435, 3635, 3636, 3637, 3638, 3639, 3640, 3641, 3841, 4041, 4042, 4242, 4243, 4244, 4245, 4246, 4247, 4447, 4448, 4648, 4649, 4650, 4651, 4851, 4852, 5052, 5053, 5253, 5453, 5454, 5455, 5456, 5457, 5458, 5658, 5659, 5660, 5661, 5662, 5663, 5863, 6063, 6263, 6463, 6663, 6863, 7063, 7263, 7264, 7464, 7664, 7665, 7666, 7866, 7867, 7868, 8068, 8268, 8269, 8469, 8669, 8670, 8671, 8672, 8673, 8674, 8675, 8676, 8677, 8678, 8679, 8680, 8681, 8682, 8683, 8684, 8884, 8885, 8886, 9086, 9087, 9088, 9089, 9289, 9489, 9490, 9491, 9492, 9493, 9494, 9694, 9894, 9895, 10095, 10096, 10097, 10098, 10099, 10100, 10300, 10301, 10302, 10502, 10503, 10504, 10505, 10506, 10507, 10508, 10509, 10709, 10710, 10711, 10712, 10713, 10714, 10715, 10915, 11115, 11116, 11117, 11118, 11318, 11319, 11320, 11520, 11521, 11522, 11523, 11524, 11525, 11725, 11925, 11926, 11927, 11928, 12128, 12129, 12329, 12330, 12331, 12332, 12333, 12334, 12534, 12535, 12536, 12736, 12936, 12937, 12938, 13138, 13139, 13140, 13340, 13341, 13342, 13542, 13742, 13743, 13744, 13745, 13746, 13946, 13947, 13948, 13949, 13950, 13951, 13952, 13953, 13954, 14154, 14155, 14156, 14157, 14158, 14159, 14160, 14161, 14162, 14163, 14164, 14165, 14166, 14167, 14168, 14368, 14369, 14370, 14371, 14571, 14572, 14772, 14773, 14774, 14974, 14975, 15175, 15375, 15376, 15377, 15378, 15379, 15579, 15779, 15979, 16179, 16180, 16181, 16182, 16382, 16383, 16583, 16783, 16784, 16984, 17184, 17185, 17186, 17187, 17387, 17388, 17389, 17589, 17789, 17790, 17990, 17991, 17992, 17993, 18193, 18194, 18394, 18395, 18396, 18596, 18796, 18996, 18997, 18998, 19198, 19398, 19399, 19400, 19600, 19800, 20000]
  - number of used nodes: 299
  - cost: 9838
Colours
  - colours: [4097, 8197, 4116, 6169, 4122, 31, 4129, 6175, 2079, 33, 2086, 6184, 48, 10294, 10295, 4160, 10304, 75, 84, 4190, 6245, 6248, 2179, 10377, 4252, 4253, 4255, 8388, 4296, 6345, 8397, 4303, 6379, 10476, 239, 245, 8441, 6394, 4347, 10498, 6409, 4362, 2326, 2329, 6433, 293, 300, 4396, 309, 6454, 2365, 4413, 8519, 10585, 4444, 351, 2414, 6523, 10622, 6527, 2439, 4508, 10689, 2506, 6608, 4560, 2517, 8661, 472, 4568, 4570, 8680, 498, 6643, 4596, 6660, 10767, 10775, 6680, 538, 10781, 2591, 2600, 6702, 2606, 2608, 2607, 2619, 581, 8774, 2634, 10871, 4729, 8843, 2699, 671, 2721, 4784, 10939, 2749, 2751, 6849, 2763, 2765, 10960, 8912, 10964, 10967, 10998, 11015, 4888, 2846, 799, 11041, 6950, 4903, 2863, 9008, 9009, 11057, 6964, 821, 6970, 2875, 6973, 9022, 9024, 11077, 853, 7008, 11109, 9063, 2925, 9072, 11130, 892, 4994, 7042, 11178, 2991, 11183, 5048, 953, 9147, 3014, 3029, 7128, 9188, 1003, 9203, 3059, 5114, 11273, 5139, 9236, 9237, 5143, 9242, 7200, 3142, 7239, 5191, 9295, 9297, 5205, 5211, 5212, 1118, 11377, 9329, 5240, 3192, 5250, 11396, 3224, 9369, 5274, 11417, 7333, 1193, 1198, 1205, 9407, 9413, 3273, 7374, 9422, 5344, 11490, 5352, 11503, 9458, 3315, 11512, 11547, 1309, 5403, 9509, 5415, 9512, 5416, 9517, 5421, 1327, 7481, 5436, 1344, 1361, 1387, 3444, 1402, 7552, 9611, 9614, 9629, 7589, 3494, 1468, 9662, 7615, 11722, 7630, 3541, 1507, 1510, 3566, 11771, 9724, 9738, 5646, 9743, 5652, 9750, 9757, 3617, 7714, 1573, 7718, 3627, 1581, 11835, 3645, 11840, 9814, 3671, 7772, 3677, 5726, 7785, 5742, 7812, 5770, 9867, 1681, 3730, 7828, 7841, 7849, 9914, 9931, 5838, 5841, 9955, 5864, 3822, 3834, 7955, 5909, 10048, 5960, 3929, 10107, 1918, 1922, 1927, 10129, 10140, 6048, 4002, 1974, 1984, 6095, 8145, 8146, 8154, 4061, 10209, 8178, 10233, 2042, 4095]
  - number of used colours: 291
Time Colour Constrained Dijkstra Algorithm: 0.61
Time Reduction Algorithm: 0.13
Time Formulation: 0.06
Total time: 0.8
Gap: 0.020329335230737954
Removed nodes percentage: 97.58
Removed arcs percentage: 98.50629722921914
More Removed arcs percentage: 6.408094435075884